005930
000660
005935
207940
035420
051910
005380
068270
006400
012330
028260
051900
005490
017670
055550
105560
000270
015760
035720
034730
018260
036570
032830
003550
096770
033780
066570
090430
009150
086790
000810
010950
010130
251270
009540
069500
316140
011170
030200
032640
002790
018880
024110
034220
035250
021240
086280
267250
006800
000720
271560
078930
010140
029780
097950
088980
004020
071050
003670
008770
102110
011070
161390
004990
128940
012750
023530
000120
016360
028050
005940
005387
036460
139480
005830
241560
009830
007070
012510
047810
000100
282330
004170
000210
180640
001040
042660
081660
030000
003410
020150
003490
006360
008930
047050
008560
138930
122630
011790
028670
000080
011780
001450
007310
002380
069960
047040
005385
088350
278540
051905
000880
000060
026960
009240
012450
102780
204320
017800
007700
051600
051915
010620
039490
004800
004370
013890
031430
010060
034020
010120
214320
181710
138040
069620
006280
148020
310970
111770
006260
153130
273130
064350
009420
000990
278530
011200
000240
011210
114090
292150
233740
001740
014680
000670
120110
073240
161890
139130
009410
020560
315930
001800
175330
570019
000150
003520
004000
042670
272210
003240
157450
185750
241590
003690
005300
293180
057050
284740
032350
005250
005440
330590
090435
280360
294870
307950
010780
003000
049770
252670
336370
192080
034310
152100
023590
093370
018250
005850
170900
008060
069260
001680
285130
115390
052690
085620
192820
214980
002350
298020
018670
003230
006040
033660
016380
192400
001820
006060
064960
020000
550057
003090
105190
005610
112610
006650
014820
103140
012630
069660
114800
079550
105630
079160
003850
036420
082640
071840
039130
001060
089590
286940
000640
210980
009970
005180
009450
001630
003470
00680K
000400
145720
001440
003540
005690
042700
033180
008350
001230
034830
530060
001120
027410
071320
001720
004490
011160
006120
000070
267270
005880
066575
271980
019680
229200
006390
017810
108670
000815
295040
034120
026890
084680
008490
001430
298050
226490
019170
281820
272450
094800
336260
007460
126560
002320
093050
003530
145990
010050
091990
028300
035760
263750
253450
032500
086900
034230
247540
036490
240810
145020
036830
056190
068760
084850
084990
098460
140410
196170
039030
078340
058470
095700
082270
178920
067630
046890
030190
096530
005290
215600
035900
214150
028150
064760
036540
041960
298380
086450
214370
000250
200130
218410
041510
278280
085660
003380
090460
213420
097520
022100
067160
025980
078070
115450
053800
033640
060250
267980
078130
091700
122870
066970
108320
039840
268600
039200
086520
060720
069080
178320
048260
035600
058820
112040
151910
141080
007390
215200
237690
083790
095610
003800
044340
078160
230240
950160
138080
033290
068240
131970
029960
265520
092040
031390
038540
042000
272290
148150