500003
114100
051630
001620
195980
004830
006110
025530
252420
272910
001020
000910
005450
002820
145270
337140
510008
500022
002870
550002
025820
129260
123700
010770
114470
33626K
004100
000760
008775
008420
018470
030720
008110
500037
570046
137610
099140
002710
550009
005820
520004
18064K
190160
530023
014910
272570
005305
071950
500014
276970
069640
204450
091230
009180
003720
159650
023810
223190
500020
003280
174360
33637L
243880
012170
024070
093240
049800
304770
252400
333980
172580
000157
002220
000040
011420
500029
530055
590010
103130
071090
590009
570043
316670
550008
530065
590007
138230
510010
530014
084870
500024
500009
010640
500028
266410
500016
023960
195920
088790
009140
500035
500030
530019
278620
333960
520011
003680
015020
332620
263190
024900
001210
305050
108450
001420
590005
030790
590018
550043
530015
010420
590016
245340
332610
333940
500008
018500
225800
530067
590008
213610
153270
550014
590017
333970
006200
002690
590006
277640
530005
205720
520014
204210
520012
550033
500051
174350
003475
329650
590003
304780
520021
153360
011300
001465
550044
500007
000950
520003
002420
211900
590004
140910
010580
500018
500002
227570
33626L
230480
114460
304940
152380
570003
261120
011230
217790
570022
520020
550026
500042
152500
006125
520006
329750
500047
001770
244580
003495
139270
570027
530021
500046
219900
530012
015260
520007
289040
237370
292750
530020
530066
530017
500039
261260
137930
147970
590013
304760
108590
550047
00806K
500053
292730
004365
590012
251590
530016
500017
269540
253250
500054
570044
322410
237350
550004
520015
210780
550012
108675
510007
176950
009415
000087
570009
500005
520013
500001
500050
337120
500006
253160
276650
109070
500041
182490
256750
001685
003925
331910
500023
229720
530064
550011
550045
570026
550013
091180
500036
277540
225130
342140
304660
570023
530022
590011
570008
550005
005030
276990
025890
500010
004920
012600
248270
139250
530018
005257
550007
117700
500015
226980
183700
250780
550018
008500
281990
227540
003415
530002
252730
002355
530056
530009
550006
167860
550046
530011
285690
309230
500026
211560
019490
279540
248260
287180
208470
314250
570028
284430
570035
570021
008355
500013
261140
266160
500011
550016
251600
200250
185680
550041
237440
253230
550010
570034
520005
239660
261060
530008
530033
570037
306520
550055
152280
500021
530006
007575
570025
000725
225030
139230
228790
261270
316300
520010
004835
140950
500044
329660
289480
570032
510004
570038
570042
329670
315270
266420
500049
203780
000075
530032
004255
510009
500048
269420
570036
500012
500043
550053
009835
143460
307020
241180
275300
280320
520009
292560
308620
550015
530062
333950
007815
261110
256440
168300
253280
307620
244620
334690
250730
000885
104520
217770
253290
346000
267490
139660
012205
005725
322130
292570
570031
500052
277650
001745
275290
302170
280930
004105
326240
104530
530007
105780
083370
145995
083380
530061
570020
500025
001515
302200
300950
306960
225050
276000
000225
101280
510003
267440
253240
238720
510005
302180
306950
228820
266550
570024
183710
159800
319640
140700
138520
291620
271050
253990
247800
006345
260200
117680
002995
272220
530003
500038
307510
530004
100910
117690
280920
253150
220130
002025
322400
261070
307010
307610
200030
252720
160580
298340
236350
500040
337160
001795
004415
322150
319870
131890
181480
099340
003535
014915
301410
247790
291680
291630
302210
265690
192720
004545
245350
326230
292580
550052
272230
550042
234310
215620
176710
138920
342600
510006
342500
260270
011155
342610
289670
342620
117460
287330
252410
530063
196030
241390
290130
170350
243890
145850
238670
271060
145670
139220
310080
269530
005745
219390
292590
307520
289250
244660
292340
296710
166400
252650
298770
213630
139320
510002
014825
275540
306530
295020
292770
291130
267300
003075
102960
315480
189400
292100
004985
299080
010145
091220
004565
550054
000145
291660
090355
309210
292130
289260
251890
084695
299070
000547
290080
267450
530010
275280
322120
195970
266390
211260
225060
321410
211210
140580
002787
261920
510001
000995
001065
139290
269370
247780
138910
014285
098560
314700
228810
304670
301400
26490K
002785
280940
005965
157500
138530
292120
140570
275750
256450
292110
000545
226380
138540
500004
300610
266140
252000
099350
228800
301440
001067
292140
218420
309190
300640
300300
227560
295820
291610
00781K
139240
001755
287320
287310
300310
016385
267500
244670
334700
291890
105010
222200
009275
227550
287300
300290
222180
000325
001525
278420
000227
285020
284980
097750
139310
300280
001527
236460
001529
285010
284990
140710
309170
001799
309180
283930
222190
309200
196220
039020
246690
054540
127120
196300
010470
040610
131090
076610
117730
222980
142210
032540
080470
246960
051390
265560
053050
039310
186230
226440
131180
208710
277070
020180
317770
001810
263020
241520
219550
059120
094970
204020
082850
041520
318000
060300
190650
317870
043590
036620
073540
154030
010240
052900
079810
041020
013810
115500
208140
131220
215480
286750
085910
046310
277410
052460
021650
092300
150900
088390
263810
003310
083470
307180
051980
272110
065770
026040
019570
208350
001000
038950
029480
024740
052770
092600
079950
065370
089850
009730
075970
048770
054630
032080
037030
043710
054040
095910
263860
049120
039240
313760
008470
042600
234920
075130
024840
091440
204840
031510
054940
138070
006920
082660
096690
310200
269620
270520
050960
293580
140520
063760
027580
290270
032960
079000
038620
203450
053270
036640
035290
054180
153460
109080
215090
208860
187790
258790
071850
060260
093640
096610
065500
101930
024850
053160
127710
101170
016920
012620
028080
126640
035460
127160
189860
104040
147760
219130
038110
002290
317850
123010
054340
101390
056090
052600
066110
030350
101730
033110
007770
134060
021880
025880
317530
136510
019540
297570
025870
014940
066430
076080
032280
099520
054220
045300
019990
064510
024910
900110
081580
139050
128540
064480
085670
038010
049470
098120
254120
017000
065690
058530
900080
032580
212560
053660
197140
317830
033430
089150
114120
122690
058420
087600
079170
173130
275630
060380
072950
035200
059100
048830
217190
900070
043100
161570
237750
110020
119500
154040
226400
177350
098660
123330
019770
184230
045340
036180
187270
101680
073190
096640
090150
105330
093380
067730
225590
009620
181340
037400
085810
069140
900120
008830
087730
099410
039230
044780
197210
141020
192390
020400
214310
043260
130740
080580
319400
196700
007530
222810
279600
067770
039740
123260
023790
024940
263540
227100
134580
058450
026910
113810
323940
011080
273060
175140
101670
226350
291230
032860
084180
123750
013720
033790
121850
115610
054410
340360
043360
096870
052190
194510
339950
342550
328380
191410
103230
028040
069330
284620
277480
336060
317320
340350
195440
336570
053060
111820
317030
050540
058220
038160
332290
307070
291210
307750
340120
192410
333050
335890
307870
340440
341160
160600
309930
313750
307160
281410
322780
332710
317240
333430
299170
323230
344050
330990
337450
287410
261200
331380
331520
329560
030270
276920
307280
033600
311270
279410
320000
114570
323280
321260
310840
310870
121890
080440
323210
335870
158310
347140
08537M
267320
021045
032685
149940