005930
000660
005935
207940
035420
051910
005380
006400
012330
028260
068270
051900
005490
055550
017670
105560
000270
034730
015760
018260
035720
036570
032830
003550
096770
033780
066570
090430
009150
086790
000810
010950
009540
069500
010130
251270
316140
011170
021240
030200
032640
024110
018880
034220
035250
002790
086280
267250
006800
000720
078930
271560
029780
010140
088980
102110
004020
003670
097950
071050
004990
161390
008770
011070
128940
012750
023530
028050
000120
005830
016360
005940
139480
005387
036460
047810
241560
000100
009830
007070
000210
081660
004170
282330
012510
042660
030000
003410
001040
003490
020150
006360
180640
008930
008560
079440
122630
047050
138930
011790
028670
011780
001450
000080
002380
047040
007310
069960
005385
278540
088350
102780
000060
051905
009240
012450
000880
010620
017800
051600
026960
039490
007700
204320
051915
004800
010060
214320
004370
031430
013890
010120
181710
006280
138040
278530
069620
148020
111770
009420
310970
006260
064350
273130
233740
153130
014680
000240
000990
011210
001740
292150
011200
114090
120110
000670
034020
139130
073240
020560
315930
009410
003520
241590
161890
000150
185750
004000
003240
042670
570019
272210
003690
001800
005440
175330
005300
293180
330590
057050
294870
005250
010780
307950
032350
157450
280360
049770
284740
003000
090435
192080
152100
336370
023590
005850
034310
018250
285130
252670
170900
069260
093370
052690
002350
298020
214980
115390
018670
006040
192820
016380
001680
085620
003230
192400
008060
020000
005610
033660
003090
001820
006060
014820
105190
112610
550057
006650
079550
012630
001630
064960
103140
069660
071840
105630
079160
089590
003850
286940
001060
082640
036420
000640
114800
210980
039130
003470
009450
003540
009970
005180
033180
145720
00680K
042700
000400
001440
001230
008350
005880
001120
005690
034830
530060
027410
001720
006390
267270
071320
000815
000070
004490
271980
019680
084680
006120
108670
001430
229200
295040
226490
298050
066575
094800
008490
011160
145990
272450
336260
003530
093050
007570
126560
007460
060980
002320
024720
034120
281820
091990
028300
035760
263750
253450
032500
086900
145020
247540
036490
084990
034230
036830
240810
140410
056190
068760
039030
078340
084850
082270
098460
095700
058470
196170
067630
178920
030190
215600
214150
035900
005290
036540
028150
046890
041960
298380
096530
200130
214370
025980
086450
041510
278280
085660
064760
000250
022100
218410
003380
115450
090460
213420
267980
053800
078130
067160
078070
039200
066970
097520
108320
039840
086520
060250
091700
048260
069080
122870
033640
058820
268600
007390
035600
237690
112040
083790
151910
178320
078160
215200
003800
230360
060720
092040
095610
031390
950160
038540
183490
044340
042000
138080
033290
043150
068240
141080
029960
023890
048410