005930
000660
005935
207940
035420
051910
005380
068270
006400
028260
051900
012330
017670
005490
105560
055550
036570
035720
000270
034730
018260
015760
003550
033780
032830
096770
066570
009150
090430
086790
000810
010130
251270
010950
009540
069500
316140
011170
030200
018880
032640
024110
002790
180640
034220
021240
035250
086280
267250
006800
088980
029780
000720
097950
271560
078930
010140
003670
071050
102110
008770
004020
011070
004990
139480
012750
000120
128940
161390
000100
009830
016360
005940
005830
241560
028050
023530
282330
005387
007070
122630
012510
000210
047810
004170
003410
036460
042660
001040
081660
030000
020150
008560
003490
006360
028670
008930
011790
138930
000080
047050
001450
007310
011780
278540
051905
047040
069960
000060
004370
005385
026960
000880
009240
051915
017800
051600
007700
039490
010620
002380
004800
181710
153130
102780
012450
111770
204320
088350
138040
006280
031430
233740
010120
214320
009420
148020
069620
273130
034020
292150
010060
006260
064350
278530
000240
000990
001740
013890
157450
011200
310970
114090
014680
000670
073240
011210
003690
009410
570019
315930
000150
185750
175330
161890
003520
241590
284740
293180
020560
120110
001800
003240
042670
330590
272210
005300
057050
280360
139130
004000
005440
336370
005250
010780
192820
003000
307950
049770
034310
170900
032350
192080
023590
090435
294870
214980
285130
069260
008060
018250
005850
006040
093370
085620
018670
016380
152100
052690
003230
001680
115390
003090
033660
192400
252670
001820
298020
112610
550057
020000
006060
002350
105190
064960
005610
103140
079550
006650
009970
114800
014820
069660
089590
012630
105630
003850
001630
082640
001060
005180
000640
00680K
000400
039130
036420
210980
079160
003540
001440
071840
005690
003470
286940
034830
145720
530060
009450
042700
033180
001720
004490
006390
008350
019170
008490
027410
001120
071320
001230
094800
000815
271980
229200
005880
006120
000070
336260
017810
034120
226490
267270
019680
295040
007570
108670
002320
011160
084680
066575
024720
010050
001430
145990
281820
003530
007460
001520
298050
003060
091990
028300
035760
263750
253450
032500
247540
145020
240810
036490
036830
034230
095700
086900
084990
056190
068760
098460
196170
084850
140410
078340
058470
041960
082270
039030
096530
178920
067630
030190
000250
046890
298380
036540
213420
215600
028150
214370
200130
035900
064760
005290
086450
033640
214150
218410
022100
278280
041510
085660
115450
003380
039200
067160
078130
060250
268600
090460
267980
066970
053800
204270
025980
078070
097520
237690
108320
235980
069080
122870
086520
035600
058820
112040
091700
039840
141080
048260
215200
183490
151910
060720
950160
083790
095610
007390
003800
178320
131970
078160
023890
084370
214450
033290
068240
031390
092040
230360
029960
038540