030270
054340
094190
900040
149940
021045
032685
347140
158310
335870
323210
08537M
080440
121890
310870
310840
320000
321260
323280
114570
279410
311270
033600
276920
307280
329560
331520
043100
331380
195440
337450
344050
261200
330990
323230
287410
333430
317240
332710
299170
322780
281410
226350
160600
313750
340440
341160
307160
307870
309930
335890
192410
340120
333050
307750
291210
332290
307070
038160
058220
050540
336570
317030
340350
336060
277480
069330
028040
317320
342550
339950
328380
194510
053060
052190
340360
103230
033790
291230
273060
323940
263540
113810
087730
101680
319400
054410
284620
096870
013720
175140
032860
026910
084180
141020
039230
043360
011080
227100
007530
101670
130740
134580
023790
067770
024940
043260
036180
053660
196700
020400
121850
044780
114120
033430
181340
008830
900080
217190
279600
197140
115610
069140
039740
900110
073190
080580
090150
045340
066110
054220
019770
098660
187270
093380
214310
037400
060380
048830
079170
033110
110020
900120
058450
223310
098120
096640
222810
085810
161570
215090
066430
192390
226400
225590
263920
058420
123330
123750
024910
122690
087600
173130
009620
212560
177350
081580
072950
035290
065690
085670
049470
154040
032280
093640
038110
024850
021880
035200
101930
028080
025880
119500
134060
038010
900070
017000
052770
191410
051980
189860
153460
083470
128540
096610
045300
007770
123840
237750
056090
030350
019990
002290
254120
064480
058530
032960
043590
101390
317530
082660
059100
008470
184230
101170
060300
139050
067730
079000
076080
275630
307180
032080
016920
042600
317830
065500
297570
035460
012620
053270
187790
017250
204840
263020
060260
025870
064090
029480
053160
127710
085910
091440
044180
269620
066790
032540
039240
104040
204990
065770
054630
009730
126640
014940
060480
203450
038950
140520
317850
109080
075130
219130
054180
079950
026040
064510
001000
263810
092300
019540
141070
050960
317770
054040
099520
002680
075970
138070
038620
024840
130500
065420
270520
310200
049120
019570
053050
208710
313760
048770
020180
065440
050090
105330
154030
054300
131220
246960
021650
076610
071850
052600
063760
086250
096690
001810
032580
318000
036620
024740
196300
054940
131180
190650
234920
050320
114630
115570
051390
099410
025950
003310
043710
263860
039020
046310
059120
150900
127160
060540
226440
114190
178780
219550
221980
031510
027580
041020
208350
317870
008370
079810
052460
040610
006920
094970
067010
117730
153490
056000
208140
219750
078350
258790
054540
053110
033050
083650
215480
039310
128660
147830
293580
073010
010470
092600
290270
147760
073540
086060
088390
067920
096350
208860
072770
078650
080520
070300
089850
227610
036640
106080
286750
080470
014100
095910
177830
066910
189690
052220
036690
041520
204020
246720
053290
046970
089530
079650
054930
115530
062860
265560
143540
082850
091970
094840
213090
010240
250000
222980
017480
277410
900280
065570
097870
013810
228340
089150
037350
224110
037030
241520
037440
258610
311390
156100
168330
101400
036090
024830
136510
050860
258830
290660
238120
046110
011560
036480
043290
115480
014190
039980
048470
080530
053260
049550
039670
049080
036000
099440
217620
264850
045890
023440
032750
021040
070590
272110
105550
039420
080010
000440
023460
126870
052900
066670
012340
208370
036010
159910
101730
101000
037370
053450
093520
039010
024880
049830
005670
068050
059210
142210
037760
131090
027040
218150
096040
039610
127120
019590
031310
010280
246690
090410
042110
111820
095500
217500
277070
018620
049630
036170
174880
065370
224060
306620
106520
100660
122350
036710
039290
051380
189980
037230
066900
051490
205500
064520
033310
149980
032940
105740
057680
081150
126600
073070
054090
066410
186230
041590
300080
016670
092460
182690
025550
086670
217330
053700
150840
044060
170920
052300
264660
131100
079970
171090
900260
041440
004780
115310
045510
052860
115500
196450
123410
038870
017510
104620
900270
043090
024800
187220
097800
006140
225430
131760
047560
900300
222420
056730
220180
090710
066360
089790
044480
032800
217820
103840
100030
140670
234100
033170
033200
220100
094860
221840
046390
049430
051780
057880
305090
033130
016100
255220
123010
171010
012860
040160
220260
088130
005860
115160
094820
091340
065350
032980
322180
069410
047770
024120
222110
050760
253590
042040
071670
065940
106190
101240
290120
219420
170030
004590
327260
267320
019010
031860
056700
072990
092870
046120
294630
047080
108860
134780
317120
119850
067570
234300
032790
084730
017650
900100
048430
109860
196490
027830
063170
124560
007370
297090
002230
037330
019660
018680
274090
063440
215100
250930
241840
050120
062970
089230
043650
308100
016790
104200
040300
094850
033560
053620
078860
114810
221610
256150
215790
006910
065620
101330
009780
252500
123570
112240
024950
140070
042940
048910
008800
021080
066130
033320
102210
041930
071280
013310
042500
257370
057540
032820
119830
173940
032680
206400
038530
250060
033830
058630
215380
068940
006580
064820
193250
094170
044960
046070
192250
285490
056080
217600
083500
012790
238200
073110
115440
226360
100090
083640
054920
025440
022220
033540
064800
038060
079190
078890
065560
230980
290550
049720
226340
054210
043910
117670
005710
267790
038460
104540
227950
078940
060370
049520
014200
033100
114450
214680
015710
047920
038070
090740
065510
900340
900310
208640
069510
009300
006050
053280
093190
065450
080220
088910
182360
014570
053350
141000
263800
170790
003100
225190
094360
018700
036260
079370
290740
133750
091580
263770
281740
307930
043200
060560
079960
299910
033230
040420
045060
073570
018000
185490
052790
056360
120240
069540
211270
019550
038340
035610
043340
018310
256840
007680
148250
109610
080720
126880
195500
089140
046210
108380
011370
066590
225330
068330
093920
222040
137940
190510
194480
198080
950140
001840
069920
246710
013990
104460
065710
138360
087260
069110
089890
094940
900250
111870
078140
200470
065150
303030
138610
036560
053590
251630
039830
187870
086960
122640
198440
205470
038880
095270
034810
259630
318010
035080
066620
179290
160550
023770
049480
149950
039340
008290
322510
137950
002800
900290
068790
217480
060240
007330
026150
312610
033340
204620
071460
073640
067390
038680
241770
048870
054450
288620
242040
014970
020710
036670
066980
083930
080000
060310
045660
088290
241690
072470
058110
052670
238490
038390
064240
124500
016600
051360
046940
099750
187420
214270
044490
027710
099220
139670
289010
024810
214260
148140
082210
263700
239340
024060
005160
241710
241790
005990
217270
036120
302430
160980
058610
046140
086040
204630
060900
263600
023600
095190
043220
260660
131030
057030
072870
041910
138690
290380
011320
205100
096630
021320
041460
090850
091120
060230
108490
004650
311690
043370
007720
042510
110990
131400
014470
153710
126700
054800
064290
036890
138580
042420
090470
158430
042370
144960
118990
950130
100790
065060
092070
065130
066310
195990
083310
171120
109740
100700
260930
065650
074430
226330
001540
052330
049180
045520
054670
030960
094480
191420
206560
290720
060590
061040
019210
067310
048550
090360
100590
065170
299900
122450
073560
130580
034940
053610
027360
290670
264450
052420
012700
049960
053950
108790
077360
121600
096240
043610
085370
083660
033160
122310
037460
101160
142760
072520
100130
241820
061250
036190
065680
151860
083450
175250
023760
278650
072020
031980
047820
189300
102120
176440
091590
007820
054050
035620
009520
060280
159580
214430
068930
203650
058400
053300
099320
289080
225530
013030
121440
237820
051160
215360
086890
054620
041920
206650
067170
251370
037950
216050
180400
036200
142280
106240
086980
109960
089010
086820
057500
006620
255440
067000
032850
063080
071200
014620
104480
256630
036810
023910
950170
214180
123040
023160
065950
306040
049070
217730
131290
207760
067990
067280
095340
203690
200780
083550
234690
201490
036630
050110
238090
123420
018120
078150
228850
045100
079940
089970
052400
244460
031330
053980
067080
232140
054950
136540
302550
036030
025320
115180
110790
299660
042520
027050
067290
161580
251970
039560
039860
123860
033500
080420
263690
089980
225570
300120
950110
109820
082800
282880
037070
052710
010170
155650
067900
131390
200670
011040
137400
125210
208340
256940
115960
049950
041190
054780
092130
121800
035890
317330
016250
234340
065530
080160
047310
015750
051370
216080
035810
222800
111710
222080
051500
023900
064260
166480
063570
039440
036930
041830
087010
236200
270870
243840
089600
040350
226950
239610
220630
078020
059090
086390
050890
092730
045970
200710
293780
041140
194700
064550
183300
143160
192440
040910
065660
060570
119610
143240
093320
036800
179900
136480
104830
228670
084650
030520
174900
052020
288330
263720
122990
073490
074600
023410
082920
950180
013120
061970
088800
034950
017890
321550
319660
060150
089030
099190
148150
140860
131370
272290
030530
018290
078590
166090
228760
215000
046440
100120
043150
078600
290510
119860
097780
066700
006730
038290
044340
048410
214870
038500
048530
237880
265520
053030
042000
025770
053580
084110
084370
253840
095610
200230
038540
138080
102710
045390
230240
078160
023890
131970
102940
039840
182400
178320
068240
215200
245620
235980
048260
144510
263050
214450
091700
031390
095660
003800
950160
112040
206640
092190
066970
060720
029960
025900
086520
243070
083790
033290
294140
032190
101490
092040
053800
097520
090460
141080
108320
032620
230360
214370
122870
007390
058820
078070
151910
183490
003380
041510
115450
267980
069080
067160
052260
035600
039200
237690
290650
268600
033640
278280
022100
078130
046890
213420
000250
086900
035900
028150
204270
298380
215600
025980
218410
086450
067630
064760
108230
082270
200130
005290
036540
178920
085660
039030
214150
030190
060250
098460
041960
056190
036830
034230
078340
058470
084850
140410
095700
240810
084990
145020
036490
247540
253450
032500
196170
035760
263750
096530
068760
028300
091990
309190
222190
309180
309200
267300
222180
236460
217770
097750
284990
222200
285010
139310
284980
001529
285020
253990
300280
091220
227550
267500
275540
001525
001527
334700
000325
291890
000547
300290
000227
292110
287300
009275
287320
016385
157500
139240
295820
140710
287310
000545
00781K
280940
295020
550042
244670
300310
266140
278420
001067
291610
227560
002787
300300
292140
304670
211210
228800
138540
309170
252000
001755
195970
140570
105010
002785
138530
291660
269370
299070
267450
001065
256450
321410
005965
292120
261920
098560
301400
300610
139290
315480
226380
300640
140580
322120
299080
014285
247780
292770
275280
289260
138910
099350
292100
309210
307520
211260
314700
252410
306530
170350
292590
090355
102960
290080
000995
266390
225060
550054
301410
291130
213630
003075
530062
292130
26490K
139320
510002
084695
014915
228810
192720
269530
510006
287330
530010
138920
307620
290130
271060
307610
244660
298770
010145
289250
166400
238670
307020
342620
251890
342610
296710
145850
289670
342500
139220
014825
004985
342600
004565
291680
241390
292580
500038
196030
176710
189400
302210
117460
252720
252650
292340
310080
145670
000145
005745
181480
253240
550052
140700
243890
011155
272230
215620
298340
306960
245350
530063
234310
004545
550043
291620
260270
006345
275750
337160
326230
334690
153270
322150
265690
200030
319870
253280
131890
117690
302180
354240
220130
261070
160580
267440
510009
100910
302200
004415
352540
352560
247790
570024
159800
138520
117680
101280
302170
001795
185680
570042
083370
272220
500040
183710
354350
238720
280920
260200
300950
510003
291630
228820
002995
307510
261270
307010
007575
267490
139660
225050
292570
003535
253230
275290
275300
570032
104530
530004
510005
261110
099340
266550
570020
253290
105780
346000
247800
308620
510004
250730
550053
570031
004105
322130
500012
292560
530003
570036
550055
007815
319640
001745
326240
306520
570025
306950
005725
168300
500052
550015
253150
000225
520010
500021
530007
104520
241180
143460
266160
570038
269420
500048
342140
500043
280930
008355
500049
012205
276000
322400
329660
570037
520005
329670
500044
002025
266420
500013
316300
251600
256440
140950
271050
001515
139230
550045
570028
500005
239660
530056
145995
570034
000075
570021
000725
004255
289480
228790
280320
000885
500011
244620
315270
004835
203780
237440
152280
570035
530002
530064
500041
500010
009835
008500
284430
225030
218420
333950
252730
590011
261060
236350
200250
208470
261140
550046
211560
550016
139250
167860
248260
550010
530008
530006
237350
550041
309230
183700
500023
520015
279540
285690
500006
287180
182490
550006
530009
500036
005257
003415
244580
292750
117700
550018
109070
354500
261260
333970
005030
550011
550007
530011
277540
248270
002355
500054
570008
530022
210780
570026
226980
281990
550005
530018
337120
520007
276990
570027
500007
333940
500030
500051
025890
229720
550047
590012
322410
304660
570009
500001
019490
256750
550013
590013
261120
530032
520013
253160
530033
500004
500002
550004
510007
003925
520011
550012
530016
292730
276650
108590
500050
091180
304760
001685
147970
139270
237370
530066
500039
304780
137930
227540
251590
152380
530020
289040
230480
003495
114460
004365
530065
500046
010580
333960
500017
530017
253250
500042
500047
000087
225130
227570
219900
520006
520020
269540
500028
002420
009415
520003
277640
204210
550026
225800
530012
152500
530021
153360
590004
015260
000950
00806K
333980
500008
329650
500018
570003
305050
590003
590006
314250
520021
217790
530061
510010
520009
310960
550033
211900
174350
001770
520012
332610
152870
108675
530005
590017
530067
263190
140910
590005
18064K
329750
550044
590008
520014
332620
006125
278620
205720
500035
304940
011300
001420
301440
550014
500003
001465
570023
010640
510001
590018
137610
012600
250780
003475
213610
009140
004920
195920
138230
570044
590016
500016
108450
550058
006200
500024
015020
103130
002690
530014
084870
245340
590009
530015
500009
012170
272570
590007
088790
014910
011230
172580
530019
003280
272910
010420
049800
003680
091230
261250
223190
023810
018500
024070
174360
530055
051630
024900
266410
204450
550008
071090
520004
500014
316670
099140
304770
243880
114470
023960
276970
500022
550009
005450
590010
001210
071950
279530
292160
252420
145270
500020
002220
530023
500037
252400
011420
005820
114100
000760
069640
550002
093240
33626L
001620
123320
217780
155900
009180
266360
025530
195980
130730
096300
008110
277650
018470
006110
003780
510008
102970
030720
005305
331910
002710
003720
282000
091160
007280
003465
008420
120115
114820
123700
000040
023350
266370
004100
019180
337150
500053
011700
008775
072130
570029
002820
570030
580008
010770
001020
530053
006880
000157
025820
006805
006660
007630
129260
176950
007610
283580
550001
092780
007120
008260
302190
002870
010400
008870
005010
295000
069730
122260
182480
580006
123310
001275
305080
227830
580007
292050
019685
033250
078935
004830
337140
001140
33626K
013000
091170
014440
157490
092200
041650
292500
014130
009810
000590
013360
003010
006370
001380
001080
023800
015540
133820
570022
017370
136340
169950
013700
580010
155660
001560
004410
530036
156080
00499K
005360
195930
090370
000105
011090
071970
023150
570043
030790
006570
012320
336160
027970
119650
004090
28513K
008250
024890
270800
002920
005750
329200
000850
261240
285000
500029
006340
009770
025560
015230
075180
004910
014710
000500
305720
058430
006890
009070
009310
090080
105840
010100
085310
33637L
016740
011690
000300
530037
058860
002070
012280
010690
245360
011500
069460
025750
002630
219390
272560
044380
004440
003610
004140
002410
014280
002880
026940
000220
006740
084670
002200
006090
010040
005800
058850
122090
005870
010660
013870
003547
007860
219480
021820
016090
020760
570045
328370
305540
058730
009440
004450
114260
017550
000650
032560
001550
500045
003080
023000
134790
292190
011785
002140
007590
019175
083420
001750
005110
053690
017040
002300
009200
004270
227840
111110
004720
002600
004080
035000
055490
092440
010820
103590
325010
019440
001045
096775
031820
008600
580009
016880
005190
012200
252710
338100
200880
214330
034300
092220
120030
500027
013520
210540
012160
118000
006980
233160
033530
194370
025620
225040
002360
000230
067830
100220
006220
014580
003650
037270
144600
011330
000180
000910
267290
001470
004870
005320
500019
277630
010600
000860
082740
023450
134380
001070
107590
000890
130660
003480
034590
003160
33637K
530013
012800
003830
000155
017900
004560
004770
163560
007980
014530
007210
001570
020120
144620
047400
000490
009470
001260
267770
013570
332500
273140
093230
002760
009190
02826K
100840
010960
264900
001290
014990
006380
009320
500015
000520
014160
075580
008970
001340
002460
014790
325020
004840
002900
024090
152550
089470
510011
033240
004890
03473K
078000
008040
143210
000320
102280
101140
100250
000390
003460
002795
138490
143850
530031
117580
002450
000215
003030
008700
001460
011810
004250
306200
002720
009460
005389
128820
005740
332940
004200
317400
001250
003200
005945
004060
332930
005430
015890
298040
005090
004150
016610
013580
003960
009270
278240
143860
520026
139280
027740
003555
035150
011150
077970
004960
000680
039570
004540
001780
000700
007660
282690
030210
011390
007160
009155
570046
004310
090350
021050
001530
012030
275980
011930
000540
007540
010955
005390
500031
196230
005680
002170
002700
084010
168490
017180
004970
097955
150460
016710
009160
044820
015590
005950
267850
132030
077500
001790
044450
270810
091810
002030
095570
145210
063160
003570
000430
004980
190160
033920
028100
092230
071055
298690
245710
003350
102260
007110
168580
011760
161510
091090
079980
001390
550056
001270
004360
214390
104700
009580
005960
015860
016450
003620
500032
214420
001940
074610
192090
015360
094280
003580
248170
035510
133690
229640
005810
003070
204480
530038
000970
036580
003545
136490
007810
148070
068290
161000
700001
070960
003920
002020
001130
005420
101530
102460
007690
016590
037710
005720
025000
031440
003120
004710
003560
295040
036530
183190
004380
012690
007340
001360
00088K
00279K
00104K
006490
302450
900140
030610
009680
002810
029460
344820
272550
322000
002100
001500
123690
078520
017940
101060
011280
084690
152330
016580
029530
315960
002990
006405
195870
002240
003300
058650
004690
004700
000020
267260
002310
012610
001200
000050
234080
002150
000480
138250
123890
095720
000370
033270
002780
308170
017960
293940
001510
001725
272450
060980
249420
034120
002620
006840
003220
001880
002390
016800
139260
079430
005070
011000
232080
226320
001430
002960
088260
002210
306540
037560
096760
004430
068400
002840
300720
009290
005500
294400
251350
008730
298000
213500
014830
072710
066575
081000
093050
281820
293480
094800
122900
130680
025860
000140
190620
001520
298050
010050
019680
001230
003530
267270
015350
315930
024720
025540
272580
192650
017390
268280
004490
229200
001720
053210
000815
084680
026890
00680K
033180
226490
005880
002270
042700
006060
145990
105630
027410
034830
210980
145720
530060
097230
079160
000070
071320
009450
006390
069660
089590
003540
082640
007460
126560
003060
108670
036420
251340
003470
000640
001120
017810
286940
000400
103140
009970
006120
336260
008490
271980
002350
105190
012630
001820
310970
298020
039130
085620
115390
000150
064960
112610
001630
008350
014820
007570
003850
079550
052690
005610
090435
192400
152100
008060
001440
550057
093370
002320
005180
071840
005850
069260
018250
001060
018670
278540
170900
292150
033660
020000
241590
010780
057050
049770
214980
034310
139130
120110
284740
005300
001680
073240
023590
003240
280360
020560
006650
006040
005440
307950
003230
175330
330590
001800
272210
293180
032350
010060
000240
114090
004000
192820
011210
102780
000670
161890
570019
278530
003520
003690
034020
003090
336370
019170
005250
114800
185750
233740
009410
192080
014680
214320
013890
111770
010120
042670
006260
285130
012450
069620
204320
010620
011200
051915
016380
001740
000990
009420
002380
273130
294870
148020
005385
064350
004800
005690
051600
138040
261220
088350
047040
000880
031430
051905
138930
007700
069960
181710
017800
157450
000060
026960
003000
006280
039490
008930
003490
042660
047050
028670
004370
153130
009240
006360
081660
030000
011790
020150
252670
007310
008560
005387
011780
001450
028050
047810
241560
001040
009830
004170
000080
023530
016360
036460
003410
161390
010140
005940
004020
102110
071050
282330
000210
128940
012510
139480
007070
122630
008770
011070
003670
029780
012750
000120
000100
078930
006800
005830
000720
034220
004990
086280
088980
267250
097950
021240
002790
180640
018880
069500
271560
035250
024110
009540
316140
032640
030200
011170
010130
086790
251270
010950
009150
032830
000810
066570
096770
090430
033780
003550
000270
105560
018260
015760
055550
034730
005490
036570
017670
012330
028260
035720
005380
006400
051900
051910
068270
035420
005935
207940
000660
005930