005930
000660
005935
207940
035420
068270
051910
051900
028260
005380
017670
006400
005490
012330
036570
035720
105560
018260
055550
015760
033780
090430
000270
003550
251270
034730
066570
009150
032830
000810
010950
086790
096770
010130
069500
009540
030200
316140
018880
011170
032640
271560
021240
002790
035250
024110
088980
078930
034220
012750
086280
000120
029780
267250
139480
000100
128940
008770
102110
006800
097950
180640
122630
000720
004990
003670
007070
016360
010140
003410
071050
161390
004170
282330
011070
005940
005830
012510
004020
000210
023530
005387
047810
036460
001040
001450
009830
007310
004370
000080
026960
011780
153130
028050
051905
031430
069960
030000
008560
008930
007700
241560
157450
042660
006280
278540
138930
081660
006360
003490
009240
028670
039490
102780
051600
148020
047050
273130
181710
011790
020150
000060
004800
003000
292150
001740
017800
002380
047040
278530
005385
233740
000880
138040
310970
214980
214320
252670
006260
051915
009420
570019
010620
010120
088350
204320
330590
012450
111770
293180
014680
064350
114090
069620
073240
000240
000670
011200
161890
005250
003520
192080
185750
285130
001800
000990
003690
175330
009410
315930
192820
005300
010060
280360
034020
004000
284740
013890
114800
090435
139130
033660
170900
005690
120110
003240
294870
011210
016380
023590
042670
010780
007570
049770
272210
003230
034310
057050
241590
069260
020560
550057
018250
152100
006040
032350
008060
052690
005440
192400
001680
307950
336370
018670
085620
005850
001060
093370
000150
001630
105190
069660
000640
012630
020000
011160
006650
019170
001720
530060
014820
034830
003850
003090
103140
039130
210980
002350
005610
008490
005180
001820
009970
064960
115390
036420
306540
268280
112610
079550
003540
008350
001440
002320
009450
00680K
229200
298020
097230
094800
006060
004490
226490
071320
017390
000070
000400
079160
088260
145720
001725
089590
006120
017810
295040
003470
286940
002960
251350
072710
016800
139260
042700
293940
015350
006390
071840
126560
190620
003060
027410
108670
008730
294400
105630
095720
034120
001230
000480
000815
091990
028300
263750
253450
035760
032500
096530
145020
036490
084990
041960
247540
058470
095700
068760
056190
240810
034230
098460
078340
218410
036830
086900
196170
214370
140410
084850
067630
082270
030190
178920
033640
215600
298380
086450
046890
200130
036540
035900
028150
064760
085660
213420
060250
039200
039030
078130
000250
005290
950160
237690
151910
067160
022100
267980
214150
041510
090460
178320
235980
097520
007390
053800
215200
141080
058820
108320
278280
263050
268600
038290
035600
108230
138080
031390
078160
003380
003800
183490
066970
122870
091700
069080
023890
033290
230240
029960
048260
025980
095610
086520
131970
204270
060720
265520
068240
243070
115450
214450
294140