305080
155660
012320
580010
090080
005320
041650
001560
266360
305720
078935
119650
005360
005750
292500
007120
292050
008250
010660
014130
071970
012280
000590
000105
227830
069460
122260
013000
013700
023800
261250
123310
014440
069730
007630
091170
302190
009810
009190
001080
092200
011090
133820
279530
019685
182480
152870
008870
283580
001380
010400
090370
006660
001275
003010
008260
005010
092780
580007
580006
580008
013360
530053
28513K
550001
006805
114820
010100
019180
282000
023350
570030
570029
123320
217780
266370
003780
072130
024890
011700
120115
00499K
008420
007280
530037
130730
003465
102970
129260
157490
155900
002870
007610
337150
096300
337140
006880
001140
010770
292160
051630
091160
030720
004830
008110
006110
114100
025820
570045
001620
000910
002710
195980
252420
500022
550058
025530
272910
33626K
018470
008775
002820
005450
123700
145270
004100
001020
570046
005305
510008
000040
069640
550002
114470
000760
33637L
500037
005820
003720
099140
009180
530036
500014
530023
093240
190160
252400
272570
002220
520004
276970
014910
023810
550009
304770
204450
174360
159650
071950
003280
223190
172580
012170
500029
091230
333980
011420
000157
071090
243880
024070
530055
205720
316670
103130
500020
023960
001210
266410
550008
500003
510010
500028
500024
084870
570043
138230
010640
530014
570022
333960
088790
590010
003680
049800
590009
500016
137610
500035
009140
510001
590007
500009
024900
278620
331910
010420
520009
530019
195920
018500
305050
332620
590018
263190
530065
500030
001420
108450
015020
030790
332610
550014
333940
002690
590016
225800
18064K
213610
530005
500008
530015
245340
530067
520014
590005
006200
500051
011300
333970
003475
550033
590017
001770
174350
520021
590008
011230
310960
204210
304780
520003
001465
33626L
329650
520012
277640
590006
500002
211900
590003
217790
153360
002420
500018
006125
010580
140910
227570
000950
520020
570003
250780
114460
550044
500007
152380
590004
570027
230480
520006
152500
500047
500042
500046
550026
329750
015260
261120
520011
219900
00806K
244580
004365
237370
289040
139270
500054
530066
003495
500039
530012
253160
530021
137930
251590
147970
304760
520007
108590
269540
550047
292730
108675
500017
570044
292750
253250
530017
009415
530020
520013
000087
550004
001685
322410
500053
304940
176950
590012
091180
210780
590013
550045
510007
530016
003925
337120
500001
019490
237350
500015
570009
520015
109070
256750
500006
229720
500041
570023
500050
550011
182490
276650
550005
025890
550012
550013
304660
530064
277540
590011
550007
004920
225130
570008
261260
500036
500023
227540
342140
500010
570026
005257
008355
226980
530011
281990
248270
276990
550018
012600
005030
530022
183700
002355
117700
252730
550006
530002
167860
530056
003415
279540
550046
285690
520010
530018
530009
008500
530033
225030
261140
211560
530006
309230
500005
570035
284430
570021
500026
550043
570028
550016
314250
500011
248260
287180
550055
266160
261060
251600
208470
139250
200250
237440
530008
550010
520005
500013
153270
570034
277650
239660
550041
139230
253230
185680
530032
152280
306520
570037
228790
570025
004255
289480
570042
500021
315270
500044
570038
140950
329660
004835
000075
570032
500049
261270
550053
510004
203780
500048
329670
266420
500052
510009
500043
244620
009835
570036
000725
500012
143460
292560
005725
308620
333950
261110
007575
316300
000885
550015
307020
269420
253280
275300
256440
168300
267490
550042
280320
104520
241180
004105
253290
250730
346000
530062
292570
334690
139660
145995
322130
300950
001515
007815
530061
000225
570031
012205
001745
530007
275290
326240
500025
302170
276000
105780
083370
083380
570020
104530
280930
306960
302200
510005
117680
267440
306950
004415
140700
247800
302180
510003
253240
002025
183710
319640
225050
266550
138520
530003
228820
006345
570024
101280
260200
530004
001795
253990
159800
272220
002995
217770
014915
117690
500038
291620
238720
219390
253150
280920
291630
100910
265690
160580
301440
500040
004545
307510
220130
307010
247790
261070
252720
301410
322400
319870
003535
337160
200030
011155
099340
131890
295820
322150
291680
326230
302210
014825
236350
307620
298340
215620
234310
292580
272230
260270
176710
287330
510006
550052
342600
342500
342610
289670
117460
530063
342620
138920
245350
181480
241390
252410
243890
244660
290130
238670
145850
307610
252650
005745
000145
310080
271050
292340
139220
271060
145670
289250
306530
292590
296710
298770
139320
510002
166400
192720
315480
010145
269530
102960
196030
251890
292770
267300
004985
170350
292100
299080
213630
003075
090355
189400
291130
291660
292130
004565
275540
290080
299070
500004
307520
084695
266390
289260
014285
275280
000995
26490K
267450
550054
099350
322120
211260
314700
261920
211210
228810
225060
140580
247780
530010
138910
098560
139290
001065
321410
301400
002787
309210
000545
002785
269370
226380
275750
000547
304670
300610
292120
280940
005965
138530
140570
091220
252000
292110
256450
138540
295020
266140
300640
157500
292140
218420
300300
291610
227560
309190
334700
001067
228800
001755
016385
00781K
139240
244670
287320
300310
001525
227550
287310
287300
291890
009275
267500
105010
000325
300290
222180
001527
278420
000227
222200
285020
195970
097750
300280
236460
284980
139310
285010
001529
284990
309170
001799
140710
283930
309180
222190
309200
196220
119850
005670
091970
238120
021040
177830
033310
122350
037370
217820
044060
056000
253590
215790
263920
068050
140670
050120
220260
101000
250000
037440
115530
049830
228340
089790
255220
119830
032680
036010
024880
171090
093520
126870
053290
014100
053260
027040
039980
106080
017510
031310
057680
039010
227610
178780
050760
189980
095500
048470
067010
011560
036000
105550
100030
127120
032800
218150
017480
208370
096350
032750
049080
290660
263800
114630
153490
032940
300080
900260
149980
039610
060480
217620
264850
222420
046970
053110
037350
037230
078650
114190
073540
066910
252500
066410
067920
062860
215480
036090
014190
094840
217500
002680
054090
258830
100660
128660
050320
234100
234920
065570
079650
221980
008370
086670
130500
246720
099440
900280
189690
311390
046110
045510
017250
025950
051980
036690
086250
205500
147830
042110
154030
039420
081150
052220
080520
065440
036710
065420
277070
052300
117730
073010
265560
054540
213090
219550
222980
141070
040610
224110
060540
039020
020180
131090
051490
052460
037030
032540
053050
064090
083650
226440
010470
318000
104620
050090
054300
038870
208710
310200
208140
089530
204990
142210
317870
115570
131220
066790
196300
044180
054930
143540
101400
003310
080470
094970
052900
204020
219750
313760
079950
317770
246960
001810
204840
131180
263860
078350
272110
186230
088390
041520
039310
065370
082850
246690
051390
089850
001000
159910
036620
076610
115500
010240
263020
241520
019990
041020
092300
013810
059120
114120
223310
092600
006920
277410
290270
065770
063760
075130
187790
031510
317530
050960
060300
046310
026040
096690
138070
024840
043590
208350
307180
263810
085910
079810
286750
024740
049120
029480
043710
021650
123840
054630
032080
270520
150900
039240
038950
190650
203450
085670
269620
038620
091440
127710
083470
027580
058530
036640
219130
054040
095910
054940
052770
009730
075970
054180
008470
293580
140520
042600
147760
048770
317850
258790
019570
035460
109080
024850
030350
053160
071850
032960
053270
012620
126640
208860
153460
096610
215090
025870
035290
079000
082660
093640
060260
101390
101170
016920
065500
028080
104040
019540
101930
064510
017000
136510
056090
123010
002290
025880
317830
297570
007770
105330
052600
189860
045300
254120
081580
076080
101730
127160
038110
128540
054340
014940
065690
134060
032280
173130
033110
038010
110020
139050
098120
184230
064480
099520
024910
021880
177350
066110
275630
054220
059100
900110
089150
197140
900070
032580
072950
122690
217190
900080
009620
225590
226400
154040
161570
035200
049470
087600
033430
212560
098660
048830
237750
066430
060380
119500
093380
096640
079170
192390
043100
187270
037400
067730
900120
085810
058420
123330
045340
073190
019770
053660
036180
069140
101680
090150
099410
181340
008830
044780
039230
197210
141020
175140
134580
080580
020400
023790
279600
024940
130740
043260
039740
067770
319400
214310
227100
191410
011080
007530
058450
026910
263540
101670
196700
113810
222810
013720
323940
273060
087730
032860
291230
123750
115610
043360
103230
054410
084180
121850
033790
340360
096870
052190
284620
194510
339950
328380
342550
028040
069330
277480
053060
336060
317320
340350
336570
111820
317030
050540
058220
038160
332290
307070
291210
307750
340120
192410
333050
335890
307870
340440
341160
160600
226350
313750
307160
309930
281410
322780
332710
317240
299170
333430
323230
344050
337450
330990
195440
287410
261200
331380
331520
329560
030270
307280
276920
033600
311270
279410
320000
114570
323280
321260
310840
310870
121890
080440
323210
335870
158310
347140
267320
08537M
021045
032685
149940
123260