005930
000660
005935
207940
035420
051910
068270
005380
006400
051900
028260
012330
017670
005490
036570
105560
055550
035720
015760
000270
018260
034730
003550
033780
032830
090430
066570
096770
009150
000810
086790
251270
010130
009540
010950
069500
316140
011170
030200
032640
018880
021240
035250
002790
024110
034220
086280
180640
006800
267250
029780
088980
097950
271560
000720
078930
003670
010140
071050
128940
012750
000120
102110
008770
139480
004020
000100
004990
161390
011070
016360
005940
241560
009830
282330
007070
005830
012510
023530
005387
028050
003410
004170
047810
000210
036460
122630
001040
003490
042660
008560
030000
081660
008930
020150
028670
000080
006360
011790
011780
007310
138930
001450
047050
051905
278540
004370
000060
047040
026960
069960
007700
005385
102780
017800
006280
002380
000880
009240
051600
004800
051915
181710
153130
138040
039490
031430
012450
009420
010620
010120
001740
278530
204320
273130
292150
088350
148020
233740
214320
111770
157450
034020
006260
010060
069620
064350
011200
000990
073240
310970
013890
000670
114090
014680
003690
000240
570019
000150
185750
009410
161890
003520
011210
330590
020560
175330
280360
001800
003000
293180
139130
120110
005250
057050
315930
005300
241590
004000
272210
214980
192080
042670
284740
010780
307950
003240
192820
005440
034310
336370
252670
170900
049770
032350
285130
023590
090435
016380
018670
069260
006040
294870
018250
003230
052690
008060
085620
093370
192400
152100
033660
001680
005850
115390
550057
298020
005690
114800
112610
001060
001820
020000
005610
003090
006650
002350
103140
014820
079550
105190
089590
012630
006060
003850
069660
210980
009970
000400
000640
079160
005180
001630
00680K
064960
039130
082640
003540
105630
001440
036420
003470
034830
001720
286940
530060
071840
042700
009450
145720
019170
071320
027410
004490
033180
006390
008350
094800
008490
002320
007570
017810
000815
271980
011160
006120
000070
001120
019680
226490
336260
066575
295040
005880
267270
001230
108670
229200
010050
084680
003530
024720
268280
034120
272450
097230
298050
007460
145990
281820
091990
028300
035760
263750
253450
032500
096530
247540
036490
145020
095700
240810
036830
086900
084990
034230
068760
056190
098460
196170
078340
041960
140410
058470
084850
082270
039030
178920
000250
030190
067630
298380
033640
046890
214370
036540
213420
215600
086450
218410
200130
028150
064760
005290
039200
085660
214150
035900
022100
278280
237690
268600
204270
115450
003380
067160
060250
267980
078130
090460
041510
053800
235980
066970
097520
025980
078070
108320
151910
069080
058820
183490
035600
141080
215200
086520
091700
950160
060720
039840
048260
083790
263050
112040
007390
095610
122870
023890
178320
078160
003800
131970
031390
228760
265520
068240
084370
214450
029960
095660