149940
021045
08537M
032685
347140
158310
335870
323210
080440
121890
320000
310870
310840
321260
323280
114570
279410
311270
033600
307280
276920
030270
329560
331520
331380
261200
344050
337450
195440
287410
330990
323230
299170
333430
317240
332710
322780
281410
313750
226350
307160
160600
340440
341160
307870
309930
335890
192410
340120
333050
307750
291210
307070
332290
038160
058220
050540
317030
336570
340350
317320
336060
277480
069330
028040
328380
342550
339950
194510
053060
052190
340360
033790
096870
291230
273060
284620
103230
323940
113810
054410
121850
263540
043360
013720
319400
115610
026910
058450
227100
141020
197210
039230
087730
032860
043260
134580
175140
101670
007530
023790
024940
222810
196700
279600
130740
011080
008830
020400
067770
084180
101680
036180
053660
080580
043100
044780
039740
037400
181340
033430
214310
110020
114120
090150
069140
900080
217190
192390
187270
123330
900110
073190
226400
019770
123750
066110
054220
045340
900120
093380
191410
085810
225590
096640
033110
098660
059100
087600
054340
223310
079170
060380
067730
173130
049470
048830
009620
058420
177350
099410
237750
136510
197140
212560
098120
032580
038010
161570
081580
072950
032280
297570
134060
065690
099520
035290
025880
119500
035200
093640
900070
045300
184230
014940
066430
254120
154040
024910
024850
275630
189860
056090
038110
064480
128540
007770
085670
101930
017000
016920
052770
153460
051980
139050
083470
215090
028080
317830
101390
032960
021880
079000
122690
019990
071850
123840
076080
043590
058530
101730
042600
101170
060300
109080
002290
060480
126640
096610
317530
065500
307180
008470
030350
052600
104040
053160
053270
085910
075970
089150
219130
263920
105330
203450
038620
027580
269620
187790
082660
263020
039240
038950
147760
025870
096690
054180
091440
017250
127710
019540
054630
050960
012620
054040
060260
258790
270520
204840
263810
036620
035460
044180
032080
036640
066790
032540
204990
001000
046310
127160
049120
141070
079950
208860
246960
138070
054940
075130
310200
041020
065440
140520
064090
196300
290270
024840
317850
063760
048770
272110
051390
114630
029480
263860
065420
208710
092300
053050
101400
317770
003310
313760
089850
082850
020180
130500
277410
021650
078350
079810
190650
001810
131220
002680
054300
219750
065770
317870
006920
318000
052900
186230
086250
226440
050320
131180
008370
010240
054540
159910
067010
010470
095910
213090
117730
059120
208350
040610
153490
115500
092600
026040
154030
039020
150900
286750
177830
114190
221980
033050
208140
219550
050090
076610
309200
222190
309180
267300
284990
309170
278420
285010
139310
001529
284980
001527
253990
236460
285020
195970
300280
097750
222180
000227
267500
001525
222200
140710
227550
275540
300610
291890
300290
000547
000325
334700
500004
292110
287310
287300
016385
091220
00781K
009275
287320
300310
105010
000545
157500
001067
139240
244670
280940
291610
295020
001755
300300
227560
309190
550042
304670
002787
300640
256450
292140
138540
002785
266140
228800
140570
252000
001065
309210
138530
292120
269370
301400
315480
321410
267450
226380
000995
005965
291660
299070
261920
139290
322120
275280
098560
26490K
140580
211210
247780
291130
299080
314700
138910
225060
084695
289260
292770
211260
290080
550054
102960
266390
292130
189400
292590
307520
003075
252410
213630
099350
510002
292100
228810
090355
170350
510006
251890
307610
014915
306530
139320
269530
301410
298770
244660
138920
289250
166400
290130
310080
192720
271060
196030
287330
238670
014285
530010
342620
004565
296710
289670
342610
000145
307620
307020
245350
342500
241390
005745
342600
004985
145850
217770
139220
014825
252650
292340
176710
010145
292580
291680
500038
252720
302210
275750
550052
181480
261070
145670
530063
272230
215620
011155
298340
117460
253240
234310
260270
243890
004545
530062
306960
253280
200030
220130
131890
337160
322150
004415
319870
520010
326230
334690
185680
153270
265690
117690
006345
160580
291630
291620
302180
247790
322400
003535
100910
001795
117680
307510
267440
570024
138520
500040
238720
302200
280920
530004
272220
101280
140700
159800
319640
183710
083370
302170
083380
260200
307010
510005
225050
228820
530003
261270
510003
139660
266550
300950
292570
570042
275300
346000
104530
007575
001745
002995
250730
267490
570020
326240
247800
253290
570031
105780
099340
275290
004105
218420
261110
000225
007815
570032
308620
306950
253230
510009
280930
550053
322130
500012
570036
292560
253150
241180
008355
256440
510004
168300
306520
500043
550015
104520
012205
570025
500048
001515
269420
550055
276000
342140
143460
004835
005725
570038
244620
500049
145995
500052
333950
266420
500044
530007
329670
329660
316300
570037
520005
315270
500021
002025
280320
236350
500013
009835
140950
139230
251600
000075
228790
239660
289480
266160
530056
203780
570034
225030
570021
570028
570023
152280
500011
237440
008500
570035
550045
261060
284430
000725
208470
530002
200250
252730
004255
530006
139250
550010
530064
550046
500010
570044
550041
500041
167860
279540
248260
000885
261140
530009
211560
590011
309230
550016
530008
237350
183700
510001
287180
285690
500023
005257
530018
500006
550006
550018
500036
520009
530011
520015
292750
117700
244580
276990
025890
109070
500054
570008
002355
550007
530032
520007
003415
226980
277540
570026
210780
019490
261260
182490
530022
281990
550012
550011
248270
005030
530033
550005
304660
229720
256750
276650
225130
570009
500001
337120
500053
500005
520013
147970
570027
550047
590013
261120
550013
003925
590012
322410
500051
530016
550004
271050
001685
253160
500050
500017
091180
000087
227540
500007
292730
500039
530061
304780
500002
108590
530020
510007
530066
314250
304760
237370
251590
137930
520003
530017
500046
219900
253250
230480
152380
500047
289040
114460
500042
139270
010580
530021
004365
333970
015260
227570
520020
009415
550026
500030
002420
012600
153360
590004
003495
00806K
530012
520006
590003
269540
329650
140910
500018
520012
000950
590006
006125
204210
176950
217790
304940
570003
500008
550043
500028
152500
520021
510010
174350
001465
277640
310960
001770
530065
108675
333940
211900
550033
250780
225800
590017
550044
590008
332610
590005
329750
530005
003475
520014
006200
263190
530067
011300
590018
33626L
278620
004920
18064K
500035
001420
550014
332620
009140
205720
195920
010640
305050
018500
245340
011230
590016
108450
530015
213610
137610
003680
590009
530014
500016
138230
015020
333980
500009
103130
500024
000157
010420
002690
301440
520011
530019
570046
049800
333960
024900
590007
550008
012170
023810
172580
003280
272910
266410
316670
088790
084870
014910
174360
091230
272570
024070
530055
023960
051630
223190
304770
550058
520004
550009
500022
590010
204450
570022
030790
243880
500014
099140
276970
530023
114470
001210
071090
500020
002220
292160
071950
005450
570043
261250
011420
000760
510008
252420
252400
005820
500037
279530
145270
093240
000040
114100
277650
009180
550002
003780
025530
008110
069640
008775
123320
001620
570045
004100
155900
002710
018470
123700
005305
102970
195980
331910
130730
096300
157490
217780
003720
030720
006110
28513K
091160
025820