005930
000660
005935
207940
068270
035420
051910
005380
051900
028260
006400
012330
017670
036570
005490
105560
055550
035720
015760
034730
018260
000270
033780
003550
090430
032830
251270
066570
096770
000810
009150
086790
010130
011170
010950
069500
009540
316140
030200
180640
032640
018880
271560
002790
024110
021240
035250
034220
088980
122630
097950
078930
006800
029780
086280
267250
000100
000120
128940
000720
012750
102110
139480
011070
003670
008770
071050
016360
005940
004990
010140
000210
161390
005830
012510
004020
007070
282330
003410
241560
009830
005387
004170
023530
047810
001450
011780
028050
036460
001040
000080
030000
004370
007310
008930
003490
008560
081660
003000
006280
157450
233740
006360
026960
028670
039490
017800
153130
138930
020150
011790
042660
007700
138040
047050
000060
069960
181710
051905
031430
252670
148020
051600
004800
005385
278540
292150
047040
009420
009240
088350
273130
002380
000880
102780
001740
294870
051915
005690
010620
012450
010120
214320
064350
011200
005250
204320
278530
285130
069620
111770
006260
000990
570019
185750
034020
192080
073240
175330
003520
003690
014680
009410
293180
013890
272210
330590
000670
161890
010060
114090
000240
120110
004000
192820
001800
139130
214980
042670
003230
284740
011210
020560
114800
310970
005300
007570
003240
016380
057050
005440
280360
034310
010780
170900
307950
241590
003090
049770
033660
006040
023590
019170
001680
001060
090435
005850
018250
005180
315930
069260
006650
336370
018670
152100
550057
032350
008060
093370
000150
052690
001630
008350
085620
005610
003850
105190
192400
014820
039130
103140
020000
000640
069660
115390
112610
210980
012630
298020
229200
002350
011000
036420
009970
530060
003540
089590
079550
001440
286940
001820
008490
001720
064960
019680
033180
034830
000400
00680K
006120
017810
002320
003470
009450
071840
268280
003060
006060
084680
226490
094800
082640
079160
006390
145720
126560
000815
000070
004490
306540
071320
097230
105630
042700
001120
027410
271980
002270
139260
001230
295040
281820
025860
293480
145990
005880
015350
072710
095720
294400
122900
024720
108670
272450
096760
001725
002960
093050
088260
016800
267270
010050
293940
034120
008730
007460
066575
251350
232080
249420
005500
017390
014830
009290
003530
033270
192650
336260
053210
261220
060980
002840
002390
003220
298000
298050
016580
000480
002210
001430
002240
002780
190620
004690
004700
025540
026890
272580
300720
068400
001360
101530
101060
315960
530038
007340
152330
213500
017960
068290
002310
00279K
001520
000140
037560
001510
002150
006840
195870
006490
226320
267260
011280
234080
081000
500032
004430
001880
308170
002990
029530
007690
003120
002100
302450
123890
322000
078520
000050
009460
006405
002810
001130
012610
009680
003920
016590
030610
003620
900140
058650
037710
005070
700001
012690
138250
251340
00088K
036530
025000
229640
003300
001500
003580
272550
031440
003545
161000
004380
005810
204480
123690
000370
005720
084690
017940
183190
000020
016450
168580
003570
009580
148070
161510
102460
003560
00104K
015360
550056
145210
001940
071055
192090
003070
070960
029460
035510
332930
001200
000430
500027
130680
530031
001270
092230
007810
074610
214390
133690
002030
004710
122090
002020
005420
000970
063160
002620
028100
270810
298690
344820
044450
136490
005960
196230
021050
168490
011930
104700
000540
079430
004360
214420
079980
009160
150460
094280
001790
245710
011760
016710
004970
011150
143860
001390
002170
000700
005680
033920
015860
282690
132030
027390
095570
005390
091810
015590
102260
005945
520026
275980
004980
500019
000155
139280
004310
077500
001530
007110
298040
010955
035150
332940
143210
007160
008040
005389
003555
005090
004150
016610
009155
017180
091090
000390
097955
004960
036580
090350
267850
030210
128820
027740
084010
100250
500031
003460
004770
078000
001780
005740
003960
024090
007660
117580
152550
000680
000215
039570
002450
015890
002795
004540
001460
248170
009270
003350
273140
002700
013580
500045
278240
102280
143850
510011
002900
012030
325020
008700
003200
044820
267770
000520
004890
011390
004060
001290
033240
004250
001340
101140
001250
000320
02826K
002720
005950
277630
093230
233160
120030
138490
003030
014160
006380
077970
306200
034590
100840
008970
001070
100220
075580
118000
317400
013570
011810
004200
000890
000490
010960
004720
530013
002460
013520
089470
014530
107590
000860
007540
025560
130660
004560
134380
001570
332500
264900
023450
009320
003830
214330
267290
002760
000230
252710
111110
338100
010600
001260
014790
012800
194370
004080
067830
000180
003650
017900
292190
082740
092440
011330
003480
580009
114260
005430
004270
004450
014580
016880
021820
007860
009440
009200
03473K
019440
014990
006220
002360
007210
092220
325010
144600
005190
144620
026940
002600
002410
006980
096775
044380
003160
058730
007590
023000
001550
031820
200880
003547
001045
000650
002880
053690
016090
530036
227840
020760
034300
009470
010820
012200
005110
210540
329200
011785
328370
011690
025620
020120
084670
033530
001750
004870
004840
035000
007980
032560
012160
001470
134790
083420
017550
000220
225040
058850
245360
103590
006090
003610
002300
014710
272560
000300
008600
055490
005870
219480
017040
002200
017370
047400
295000
014280
000850
003080
105840
002070
336160
005800
023150
004140
006740
285000
075180
016740
136340
195930
305540
009310
085310
011500
010690
013870
004410
305080
009070
004440
261250
002630
058430
015540
000500
002920
261240
004910
010040
001560
169950
025750
009770
006370
058860
163560
156080
015230
004090
037270
305720
012320
33637K
006340
041650
270800
027970
006890
005320
006570
155660
292500
090080
580010
005360
002140
266360
000105
119650
292050
069460
000590
182480
008250
227830
122260
091170
023800
014130
012280
078935
005750
007630
302190
071970
011090
013700
033250
009810
069730
019685
013000
092200
001080
090370
152870
010660
008870
279530
123310
009190
010400
283580
580006
003010
007120
006805
013360
014440
001275
006660
102970
550001
580008
28513K
530053
580007
005010
114820
092780
072130
010100
570030
123320
120115
217780
019180
001380
282000
570029
006880
133820
023350
007280
008260
024890
266370
337150
00499K
130730
530037
003465
155900
011700
008110
500003
003780
007610
292160
129260
096300
157490
550058
001140
030720
114100
570045
091160
004830
195980
019175
002870
010770
337140
051630
500022
000910
025820
001620
006110
001020
272910
570046
025530
252420
004100
145270
005450
008775
550002
018470
510008
123700
33626K
114470
002820
069640
008420
000760
005820
002710
099140
003720
005305
009180
550009
190160
014910
520004
272570
500014
530023
204450
500037
33637L
304770
137610
071950
159650
276970
223190
003280
023810
024070
093240
000157
174360
243880
012170
049800
252400
002220
333980
18064K
172580
091230
011420
000040
316670
071090
103130
550008
500029
500028
500020
205720
590009
084870
088790
590007
530065
530014
138230
530055
590010
510010
003680
266410
500024
570043
010640
550043
500030
009140
500009
530019
500035
500016
520011
278620
195920
024900
023960
333960
015020
010420
001420
550014
332620
263190
590018
108450
305050
590016
001210
590005
018500
530015
333940
332610
500008
530005
030790
225800
245340
213610
500051
153270
002690
006200
520014
530067
333970
590008
550033
590006
174350
590017
003475
011300
204210
310960
304780
520021
153360
520012
329650
001465
211900
277640
590003
520003
001770
570003
500007
227570
500018
500002
010580
002420
230480
590004
33626L
140910
011230
152380
114460
570027
006125
520020
550026
217790
550044
261120
500042
304940
152500
530021
000950
520006
500047
329750
500046
244580
139270
530012
015260
003495
289040
219900
570022
292750
237370
500054
530066
530017
137930
500039
520007
304760
530020
004365
147970
251590
00806K
108590
550047
570044
292730
261260
590012
530016
590013
520013
253250
500017
322410
500005
108675
550004
269540
210780
520015
500001
001685
510007
253160
176950
500053
550045
000087
570009
500006
331910
091180
009415
237350
337120
019490
570023
276650
182490
109070
229720
003925
550012
550013
342140
550011
500023
500036
256750
590011
530064
004920
500041
570008
500050
277540
304660
530022
005030
500010
025890
225130
227540
570026
550005
012600
005257
248270
276990
530056
250780
226980
530018
139250
550007
117700
281990
183700
550018
530002
500015
550006
002355
252730
530009
167860
003415
008500
550046
530011
285690
211560
279540
500026
309230
261140
208470
008355
314250
570035
530033
284430
248260
570028
570021
287180
500013
266160
550016
500011
251600
200250
530006
550010
237440
520005
530008
225030
253230
570034
239660
550041
261060
185680
152280
306520
570037
550055
530032
139230
570025
289480
228790
261270
500021
570042
500044
140950
316300
570038
004835
266420
329660
004255
510004
315270
000075
520010
570032
500049
329670
000725
500048
203780
510009
500043
500052
570036
500012
550053
009835
007575
292560
143460
269420
244620
550015
253280
275300
530062
308620
333950
217770
241180
280320
334690
307020
261110
168300
007815
256440
250730
307620
104520
000885
346000
005725
253290
267490
139660
004105
277650
570031
145995
001745
292570
322130
530007
275290
300950
520009
012205
326240
004415
570020
302170
276000
105780
104530
000225
083370
083380
253150
530061
302200
306960
001515
500025
280930
306950
510003
510005
267440
271050
253240
302180
500038
228820
140700
101280
260200
138520
183710
530003
570024
225050
159800
247800
117680
238720
011155
266550
291620
272220
002025
319640
253990
002995
530004
117690
100910
280920
261070
307010
220130
001795
307610
307510
291630
160580
006345
252720
500040
200030
236350
014915
337160
099340
319870
003535
322400
322150
247790
131890
291680
302210
298340
181480
004545
192720
265690
326230
234310
292580
550052
005745
301410
245350
272230
176710
260270
215620
550042
342600
510006
342500
138920
289670
342610
117460
342620
287330
530063
170350
241390
252410
243890
290130
145850
238670
244660
271060
196030
252650
145670
310080
296710
307520
139220
292340
275750
292590
306530
269530
289250
166400
510002
219390
014825
298770
275540
213630
139320
102960
292770
295020
315480
189400
267300
292100
251890
291130
299080
000145
010145
003075
091220
309210
090355
004565
550054
004985
291660
000547
084695
292130
299070
289260
290080
267450
225060
266390
195970
275280
26490K
322120
211260
211210
321410
530010
140580
139290
314700
228810
261920
014285
138910
247780
001065
098560
269370
510001
000995
301400
002787
280940
304670
002785
005965
140570
292120
226380
099350
292110
256450
138530
138540
300610
157500
252000
000545
266140
500004
016385
300640
301440
228800
291610
292140
300300
309190
218420
295820
227560
001067
001755
278420
00781K
139240
300310
287320
287310
244670
227550
267500
291890
334700
105010
222200
009275
287300
300290
222180
001525
000325
000227
285020
001527
284980
097750
139310
300280
236460
001529
285010
284990
140710
309170
001799
309180
283930
222190
309200
196220
091990
028300
096530
068760
263750
032500
253450
035760
084990
041960
145020
095700
036490
247540
240810
034230
058470
196170
140410
078340
086900
056190
036830
098460
218410
215600
067630
084850
082270
214370
085660
030190
178920
298380
039030
086450
000250
036540
064760
060250
046890
028150
005290
033640
200130
268600
213420
078130
214150
035900
039200
083790
245620
237690
067160
022100
053800
007390
200230
035600
267980
235980
278280
090460
058820
025980
263050
178320
041510
003380
204270
115450
141080
950160
097520
069080
108230
151910
031390
108320
206640
066970
183490
122870
078070
033290
215200
091700
078160
230360
038290
060720
003800
048260
230240
138080
029960
086520
243070
039840
253840
023890
131970
095610
290650
048530
214450
228760
144510
095660
068240
265520
038540
084370
052260
112040
064550
092040
048410
053030
294140
101490
043150
059090
102710
174900
272290
065660
182400
237880
018290
040350
082920
119860
092190
052020
074600
088800
100120
013120
044340
950180
050890
097780
006730
060570
084110
099190
045390
131370
111710
166090
143240
053580
025770
148150
034950
042000
061970
025900
038500
214870
122990
290510
073490
030530
136480
023410
119610
060150
321550
239610
104830
032190
215000
086390
263720
066700
040910
093320
016250
319660
036800
065950
289080
087010
288330
036930
220630
047310
032620
017890
041830
228670
030520
035810
053980
200710
084650
078020
051370
064260
115960
092730
089030
226950
039440
192440
317330
104480
089600
183300
039560
092130
203690
051500
293780
140860
052400
200780
015750
194700
236200
244460
102940
042520
067280
109820
011040
222800
143160
046440
234340
110790
238090
208340
054780
217730
115180
080160
031330
078600
225570
027050
061250
299660
078150
161580
033500
179900
023160
091590
052710
080420
207760
078590
166480
950130
049070
010170
068930
065530
023910
180400
206650
243840
025320
018120
067990
282880
222080
270870
200670
950110
125210
241820
067900
067080
063570
036030
067290
201490
300120
035890
089980
123860
067170
176440
082800
121800
123420
228850
088290
045100
251970
041140
216080
136540
053610
086820
232140
050110
089010
035620
089970
014620
234690
041190
007820
057500
006620
083550
049950
036630
155650
950170
216050
072020
225530
045520
049180
036190
100700
065130
256630
214180
189300
065060
086980
013030
095340
137400
054050
151860
095270
037950
023900
039860
290670
074430
079940
251370
036200
045970
142760
012700
049960
058110
054620
159580
260660
041920
063080
123040
289010
086890
290720
085370
256940
067000
036810
052330
255440
031980
175250
131390
030960
099320
215360
023760
109740
206560
061040
214430
302550
226330
033160
009520
171120
052420
027360
002800
004650
060280
264450
037460
072870
086040
071200
054670
067310
110990
019210
260930
278650
053950
090470
138360
099220
144960
042420
191420
306040
118990
043610
126700
043340
046140
058400
039830
142280
001540
109960
100590
102120
290380
122450
060230
130580
121600
023600
077360
036890
195990
057030
051360
131290
043370
037070
299900
072520
054950
131030
005160
096240
090850
043220
217270
046940
138690
138580
073570
139670
083450
006050
091120
060590
024810
083310
065150
122310
108790
048870
007330
038340
100790
094480
258610
008290
090360
065680
307930
005990
060900
021320
214270
067390
007720
281740
041910
204620
106240
045060
065170
047820
016600
052670
241690
014470
082210
027710
042370
007680
096630
109610
033540
073560
054800
013990
069540
051160
100130
038390
069920
040420
111870
101160
064240
318010
036260
263700
149950
239340
205470
214260
020710
014570
058610
241770
263600
048550
200470
121440
138610
054450
095190
225190
034940
066310
108380
108490
066980
312610
242040
133750
120240
032850
089140
066620
053300
069510
065710
036560
124500
187420
122640
060240
064820
039340
153710
302430
043910
131400
014970
104460
092070
078940
203650
080720
064290
065560
060310
079190
045890
222040
251630
080220
211270
290740
014200
009300
060560
238490
263690
080000
036670
083640
079370
900290
069110
049520
053590
290120
033830
003100
046070
185490
073640
137950
205100
179290
225330
018310
187870
108860
241710
011320
089890
065510
099750
073110
241790
038880
019550
217480
083660
056360
141000
090740
052790
011370
160980
150840
038460
215380
237820
102210
008800
005710
035080
043200
034810
299910
112240
024060
093190
190510
066590
117670
044490
065620
018680
093920
038680
007370
259630
038530
114450
078890
016670
068790
083930
106520
026150
022220
038070
065650
900340
322510
033340
160550
158430
288620
256840
156100
071460
033100
068330
311690
246710
109860
018000
035610
900100
204630
006580
032820
032790
025440
012790
070300
134780
087260
048910
015710
198080
195500
226360
100090
101330
054210
900250
303030
049480
088910
053350
086960
226340
065940
041460
072470
056080
173940
238200
079960
042040
053280
126880
193250
198440
115160
012860
038060
044480
327260
036120
019590
222110
045660
051780
021080
094940
006910
088130
123570
033200
094360
001840
101240
009780
094170
049720
056730
083500
115310
017650
060370
006140
241840
148250
042500
206400
182360
194480
067570
070590
091340
091580
064800
016790
062970
124560
900040
013310
047770
214680
220180
043650
217600
057880
044960
308100
033320
056700
306620
267790
050860
094820
047920
065450
089230
106190
063170
950140
078140
137940
057540
043090
230980
064520
092460
040300
115440
073070
071280
049430
066130
068940
900310
058630
221840
047080
005860
051380
257370
046210
033230
290550
224060
256150
148140
037330
104200
114810
012340
215790
250930
042510
104540
317120
294630
182690
103840
047560
024950
171010
072990
040160
023440
063440
263770
016100
019010
033050
220100
059210
053620
053700
033560
090710
031860
036170
192250
174880
094190
221610
170790
219420
090410
027830
041930
032980
097800
094850
078860
178780
052860
039290
054920
305090
170030
049630
084730
004590
274090
131760
033130
033170
039670
126600
069410
080530
041590
297090
042940
019660
048430
002230
041440
227950
187220
140070
018700
123410
065350
228340
021040
066670
005670
056000
066360
285490
096040
066910
018620
322180
072770
080010
053450
264660
024120
066900
196450
208370
105740
092870
208640
023460
024830
010280
168330
225430
043290
250060
053260
031310
046390
215100
071670
263920
024800
094860
170920
037370
234300
046120
101000
025550
050120
004780
220260
115530
900270
217820
119850
217330
093520
097870
037440
238120
122350
119830
036000
014100
250000
023770
140670
114190
024880
068050
089790
106080
114630
079970
131100
036010
900300
095500
091970
196490
039010
053290
255220
037760
050760
126870
171090
049550
096350
048470
057680
017510
219750
115480
044060
017480
032800
027040
100030
217620
000440
900260
032750
264850
011560
263800
253590
037230
049080
078650
046970
032680
222420
039980
215480
060480
141070
053110
218150
290660
039610
037350
227610
033310
149980
049830
153490
246720
032940
054090
014190
086060
067920
073540
017250
050320
036090
045510
128660
066410
079650
067010
311390
147830
073010
036480
025950
065570
189980
205500
062860
300080
900280
086250
252500
177830
094840
039420
052300
099440
008370
217500
234100
002680
100660
189690
065420
258830
105550
089530
221980
081150
310200
222980
046110
080520
064090
104620
083650
078350
042110
130500
052220
036710
051490
143540
086670
060540
050090
131090
088390
117730
204990
065440
213090
010470
066790
127120
044180
036690
224110
054930
038870
040610
054540
317870
186230
054300
142210
226440
265560
123840
076610
208710
277070
154030
159910
223310
317530
053050
094970
196300
032540
039020
080470
246690
001810
317770
059120
246960
263020
051390
208140
219550
204020
037030
241520
020180
101400
131180
234920
065370
318000
013810
052900
052460
043710
263810
277410
041520
010240
091440
065770
041020
003310
272110
079810
060300
082850
021650
092300
115500
036620
043590
046310
063760
096690
039310
115570
075130
024740
092600
190650
054630
049120
085910
131220
031510
286750
208350
024840
089850
263860
054940
083470
051980
029480
001000
307180
079950
150900
054040
052770
008470
095910
009730
203450
138070
270520
269620
075970
032080
039240
019570
038950
313760
006920
024850
048770
042600
140520
187790
050960
293580
204840
035460
027580
026040
038620
053270
036640
025870
153460
290270
082660
071850
054180
317850
109080
032960
079000
035290
096610
028080
065500
258790
126640
012620
093640
060260
215090
208860
056090
127710
101930
147760
053160
101170
016920
189860
123010
297570
064510
219130
019540
104040
007770
127160
101390
002290
101730
038110
025880
030350
317830
052600
054340
076080
033110
254120
032280
014940
066110
136510
139050
045300
064480
021880
038010
134060
085670
128540
019990
065690
054220
024910
081580
099520
900110
017000
173130
098120
066430
900080
197140
049470
089150
032580
072950
122690
035200
033430
177350
275630
226400
096640
058530
161570
087600
212560
079170
110020
053660
059100
060380
114120
900070
217190
048830
119500
043100
237750
154040
098660
184230
123330
058420
067730
019770
225590
187270
009620
045340
090150
093380
073190
036180
101680
105330
085810
037400
181340
069140
900120
008830
192390
039230
044780
197210
099410
141020
020400
080580
130740
067770
279600
214310
043260
039740
007530
087730
319400
023790
227100
134580
196700
226350
058450
024940
222810
026910
263540
013720
175140
032860
011080
113810
323940
101670
273060
291230
123750
084180
115610
033790
054410
121850
340360
096870
043360
052190
103230
284620
191410
194510
339950
342550
328380
028040
069330
277480
336060
317320
053060
340350
336570
111820
050540
317030
058220
195440
038160
332290
307070
291210
340120
307750
192410
333050
335890
307870
341160
340440
160600
313750
309930
307160
281410
322780
332710
317240
299170
333430
323230
337450
344050
330990
287410
261200
331380
331520
329560
030270
276920
307280
033600
311270
320000
279410
114570
323280
321260
310870
310840
121890
080440
123260
323210
335870
158310
347140
267320
08537M
021045
032685
149940