005930
000660
005935
207940
035420
005380
051910
068270
028260
006400
012330
051900
005490
017670
055550
105560
034730
000270
015760
018260
035720
036570
032830
003550
033780
096770
066570
090430
086790
009150
000810
010950
009540
010130
069500
251270
316140
011170
030200
021240
032640
024110
034220
035250
018880
002790
086280
267250
006800
000720
029780
078930
010140
271560
088980
004020
102110
071050
003670
097950
004990
161390
128940
008770
011070
012750
000120
023530
028050
005830
139480
016360
005940
036460
005387
000100
047810
241560
007070
009830
000210
081660
004170
282330
042660
012510
003410
003490
030000
001040
006360
180640
020150
008930
008560
122630
079440
047050
138930
028670
011790
011780
000080
001450
047040
002380
007310
069960
005385
088350
278540
102780
009240
000060
012450
051905
000880
017800
010620
051600
026960
039490
204320
007700
004800
051915
214320
013890
010120
031430
181710
006280
004370
010060
138040
069620
278530
148020
111770
009420
310970
064350
006260
233740
273130
153130
000990
014680
000240
011210
001740
292150
120110
114090
011200
000670
034020
139130
020560
073240
003520
315930
009410
272210
000150
241590
003690
161890
570019
003240
042670
185750
157450
004000
175330
005300
330590
293180
001800
005440
294870
307950
005250
057050
003000
032350
010780
280360
192080
090435
284740
049770
023590
152100
005850
034310
093370
285130
018250
336370
170900
069260
002350
252670
298020
214980
052690
085620
115390
006040
018670
001680
003230
192820
192400
016380
008060
006060
033660
020000
003090
105190
112610
550057
005610
014820
006650
079550
069660
103140
001820
001630
012630
071840
079160
003850
286940
089590
105630
064960
001060
082640
036420
039130
000640
003470
009970
042700
003540
033180