149940
032685
197210
021045
08537M
347140
158310
335870
323210
080440
121890
320000
310870
310840
321260
114570
323280
279410
311270
033600
307280
276920
030270
329560
331520
331380
195440
337450
261200
344050
330990
287410
323230
299170
333430
317240
332710
322780
281410
226350
160600
313750
340440
307870
341160
309930
307160
335890
192410
340120
333050
307750
291210
307070
332290
038160
058220
050540
317030
336570
340350
317320
336060
277480
069330
028040
342550
328380
339950
053060
194510
052190
340360
033790
291230
273060
096870
103230
323940
113810
263540
115610
058450
043360
284620
319400
054410
121850
013720
227100
026910
141020
039230
087730
175140
032860
101680
134580
043260
130740
007530
067770
196700
084180
011080
020400
279600
024940
023790
008830
101670
036180
222810
053660
080580
039740
043100
044780
221610
214310
037400
033430
181340
900120
069140
900080
110020
114120
073190
090150
187270
900110
066110
054220
226400
217190
093380
096640
079170
192390
019770
098660
045340
033110
085810
059100
067730
054340
123330
223310
049470
048830
087600
161570
060380
173130
099520
197140
058420
098120
009620
032580
237750
081580
177350
066430
225590
065690
212560
134060
119500
051980
032280
072950
035290
035200
154040
024910
900070
045300
025880
038110
184230
275630
056090
153460
021880
128540
024850
189860
254120
191410
093640
007770
085670
014940
101930
038010
052770
017000
215090
083470
064480
123750
101390
136510
019990
122690
076080
123840
032960
317830
028080
058530
043590
042600
096610
126640
060300
317530
071850
139050
079000
219130
002290
089150
009730
052600
101170
099410
109080
030350
065500
027580
204840
203450
085910
307180
147760
104040
053270
060480
008470
016920
075970
025870
263920
082660
054180
270520
053160
039240
127160
038950
054040
263020
036640
263810
060260
050960
064090
258790
054630
101730
041020
019540
017250
044180
269620
066790
204990
065440
297570
075130
029480
063760
035460
054940
290270
046310
187790
141070
036620
138070
032080
127710
091440
114630
032540
317770
079950
012620
001000
089850
049120
078350
140520
272110
051390
065420
130500
092300
263860
002680
310200
053050
208860
208350
079810
021650
277410
317850
105330
038620
001810
150900
065770
313760
020180
131220
208710
219750
318000
086250
019570
096690
039310
024840
186230
196300
048770
024740
131180
050320
246960
054300
159910
095910
234920
050090
226440
286750
154030
043710
010240
317870
054540
213090
010470
039020
026040
117730
115500
056000
059120
003310
094970
040610
041520
114190
076610
082850
052460
008370
080520
190650
067010
031510
189690
221980
115570
219550
089530
246720
051490
067920
293580
083650
311390
025950
088390
177830
060540
053290
094840
006920
208140
062860
086060
080470
054090
086670
265560
072770
128660
900280
178780
046970
258830
204020
106080
092600
037030
014100
153490
079650
052220
147830
224110
078650
064510
222980
115530
217500
205500
033050
014190
250000
046110
032750
099440
037350
036690
049830
036480
123010
290660
143540
042110
097870
053110
168330
073540
065370
024830
115480
070300
264850
039420
036090
215480
227610
238120
224060
013810
065570
050860
127120
039010
079970
017480
241520
054930
052900
066910
011560
252500
023460
043290
091970
012340
080530
037440
027040
039670
053260
156100
234100
131090
068050
053450
049550
900260
208370
096350
023440
073010
218150
033310
036710
039290
093520
066670
048470
094190
021040
049080
036000
036010
100030
228340
037370
253590
066410
059210
105550
080010
189980
032940
126870
104620
217620
096040
081150
045510
066900
000440
196490
032800
039980
038870
037760
149980
039610
037230
051380
122350
016670
024880
111820
095500
036170
300080
277070
010280
005670
220180
071670
070590
031310
258610
101400
089790
044480
090410
182690
019590
142210
217330
073070
246690
264660
222420
105740
064520
004780
033170
101000
018620
250930
126600
115310
052300
217820
049630
174880
033200
140070
220260
050760
025550
044060
046390
066360
131760
267320
072990
069410
170030
171010
220100
057880
140670
119830
006140
306620
900300
900040
100660
053620
024800
068940
032980
187220
050120
094860
106520
196450
041440
052860
092460
004590
900270
065350
041590
047080
097800
206400
053700
119850
084730
294630
051780
123410
005860
056730
049430
219420
040160
317120
297090
057680
150840
170920
048430
225430
037330
171090
024120
114810
019010
221840
305090
007370
033130
018680
094820
234300
090710
131100
043090
290120
002230
033560
043650
047560
056700
092870
016100
012860
222110
322180
230980
063440
101240
065940
103840
215100
031860
023770
032680
067570
091340
123570
027830
042940
109860
134780
045890
327260
078140
032790
042040
017510
900100
263770
308100
071280
241840
088130
106190
257370
104200
063170
192250
089230
078860
274090
019660
016790
290550
046120
047770
256150
066130
255220
054920
091580
047920
215380
017650
217600
033320
049720
042500
038530
124560
115440
058630
057540
065620
041930
006910
238200
112240
170790
094850
100090
013310
008800
094360
115160
101330
040300
021080
102210
012790
246710
285490
263800
079960
900310
194480
225330
083500
064800
073640
024950
032820
108860
038060
062970
226360
158430
033830
053350
900340
042510
193250
173940
018000
046070
950140
299910
034810
056080
009300
046210
104540
227950
208640
148250
041460
141000
009780
015710
038070
054210
043910
065510
022220
079190
044960
048910
065560
078890
195500
014570
133750
250060
025440
005710
060370
080220
006580
215790
078940
088910
267790
033540
094170
064820
033100
281740
049520
217480
241790
114450
006050
069920
126880
068790
138610
038880
117670
290740
226340
049480
073110
065450
211270
214680
093190
003100
256840
087260
222040
182360
045060
038460
204630
259630
069510
043200
057030
083640
033230
322510
089140
036260
079370
190510
014200
251630
303030
053280
080720
312610
900250
045660
060560
198080
043340
036120
052790
066590
068330
237820
007680
307930
093920
069540
040420
104460
090740
108380
019550
137940
035610
311690
011370
065710
038340
080000
179290
137950
238490
018700
083930
160980
036560
018310
138690
066620
288620
089890
072470
060310
086960
111870
094940
153710
048870
185490
200470
008290
187870
065150
131400
038680
225190
120240
099220
069110
318010
149950
071460
160550
241690
241770
124500
013990
073570
092070
060900
056360
034940
109610
198440
014970
058610
067390
101160
036670
064290
053300
002800
039340
044490
122640
066980
082210
007330
001840
058110
148140
054450
041910
005160
033340
205470
039830
035080
020710
053590
214270
060240
005990
065650
052670
099750
027710
038390
239340
900290
214260
187420
043220
131030
241710
260660
046140
138580
024060
086040
051360
204620
205100
263600
072520
195990
088290
138360
263700
095190
139670
011320
026150
108490
016600
024810
217270
100130
095270
072870
203650
126700
144960
065170
122310
083310
001540
290380
064240
042420
090850
014470
036890
242040
302430
118990
289010
046940
021320
083450
130580
110990
091120
023600
226330
085370
061040
053950
260930
131290
049960
171120
100790
065680
066310
096630
007720
090470
121600
096240
043370
077360
100700
054670
065060
054800
004650
278650
012700
256630
051160
060230
094480
299900
065130
067310
060590
142760
122450
049180
019210
043610
042370
033160
037460
950130
264450
191420
027360
060280
052330
109740
095340
108790
048550
234690
102120
086890
151860
142280
045520
074430
030960
121440
047820
100590
036200
251370
290670
206560
052420
073560
083660
054620
290720
007820
053610
099320
041920
023760
255440
263690
175250
072020
090360
031980
214430
067000
067170
302550
215360
106240
013030
306040
189300
109820
061250
054050
036810
063080
176440
006620
289080
123860
036190
161580
032850
054950
083550
089010
037950
009520
159580
241820
035620
086820
206650
058400
068930
023910
091590
180400
225530
045100
201490
086980
057500
950170
089970
014620
214180
217730
123040
200780
042520
049070
123420
136540
078150
023160
131390
067990
050110
244460
067280
137400
037070
067080
071200
018120
203690
067290
079940
200670
104480
025320
232140
031330
238090
299660
243840
216050
065950
063570
251970
039860
300120
036030
036630
207760
052400
270870
110790
109960
053980
052710
155650
089980
027050
067900
166480
183300
222800
045970
080420
125210
208340
115180
035890
011040
039560
225570
033500
092130
222080
041190
256940
049950
200710
143160
054780
950110
226950
282880
023900
087010
121800
216080
016250
115960
051370
228850
047310
082800
111710
080160
140860
065530
010170
015750
035810
092730
234340
194700
236200
039440
089600
064550
317330
041830
036930
041140
288330
051500
119610
040350
192440
064260
086390
078020
321550
293780
084650
220630
319660
228670
239610
040910
059090
078600
060570
030530
263720
060150
122990
036800
136480
050890
143240
089030
253840
148150
082920
025900
046440
034950
104830
093320
030520
065660
052020
061970
032190
025770
174900
179900
006730
078590
950180
099190
023410
214870
074600
013120
166090
215000
053580
073490
272290
066700
131370
088800
290510
044340
100120
017890
018290
119860
228760
043150
084110
265520
038290
237880
182400
053030
052260
048530
038500
131970
097780
102710
095660
095610
048410
084370
112040
078160
214450
032620
138080
101490
200230
230240
102940
091700
060720
039840
144510
038540
042000
068240
023890
086520
263050
092190
178320
066970
243070
048260
031390
003800
245620
045390
033290
294140
950160
108320
029960
230360
141080
290650
058820
092040
097520
206640
090460
122870
215200
083790
053800
183490
069080
078070
204270
003380
214370
151910
115450
237690
267980
041510
035600
039200
033640
278280
022100
007390
086900
000250
067160
268600
214150
035900
213420
078130
046890
108230
028150
235980
086450
064760
005290
036540
298380
025980
200130
039030
215600
067630
082270
218410
085660
060250
178920
030190
098460
056190
036830
041960
084850
140410
078340
058470
240810
034230
084990
247540
196170
095700
036490
145020
253450
096530
032500
263750
068760
035760
028300
091990
309200
267300
222190
309180
284990
309170
278420
285010
139310
001529
284980
285020
300280
236460
253990
097750
001527
195970
222180
140710
267500
227550
222200
275540
000227
001525
291890
300290
000547
091220
292110
000325
287320
287310
287300
334700
00781K
016385
009275
139240
300310
000545
157500
291610
244670
295020
300300
227560
280940
001067
001755
256450
309190
105010
550042
300640
304670
266140
292140
138540
002787
140570
252000
300610
228800
217770
138530
001065
002785
292120
269370
301400
315480
267450
321410
261920
299070
226380
139290
005965
247780
291660
211210
322120
098560
000995
140580
138910
211260
289260
309210
275280
314700
084695
299080
291130
225060
26490K
292770
292130
014285
290080
307520
292590
266390
189400
550054
292100
510002
102960
252410
003075
213630
307610
090355
139320
306530
228810
170350
251890
192720
244660
269530
289250
298770
290130
099350
310080
301410
530010
510006
196030
014915
166400
138920
271060
296710
004565
287330
238670
342620
342610
307620
289670
252650
342500
241390
014825
342600
307020
245350
292340
292580
139220
176710
145850
252720
010145
530063
302210
004985
291680
000145
500038
005745
550052
261070
272230
117460
181480
145670
334690
234310
298340
260270
275750
253280
215620
011155
185680
253240
337160
153270
322150
004545
131890
306960
319870
243890
326230
160580
117690
265690
220130
200030
500040
291630
140700
006345
100910
117680
307510
138520
302180
247790
530062
291620
322400
272220
280920
238720
267440
159800
302200
001795
510005
570024
183710
004415
307010
520010
302170
083370
260200
510003
530004
101280
228820
225050
261270
275300
570031
530003
003535
007575
300950
266550
139660
105780
104530
275290
007815
326240
247800
570020
292570
346000
267490
253290
002995
570042
322130
306950
001745
261110
308620
253150
510009
280930
000225
218420
570036
550053
250730
319640
004105
500012
168300
292560
253230
241180
550055
550015
570032
143460
104520
510004
342140
306520
269420
500043
500048
570038
500052
570025
276000
244620
008355
099340
005725
266420
145995
001515
500049
256440
329670
329660
012205
280320
316300
315270
002025
500044
140950
500013
530007
570037
203780
266160
520005
251600
139230
000075
009835
236350
239660
228790
500021
289480
333950
570034
570021
152280
500011
570028
530056
237440
000885
225030
000725
008500
570023
004835
261060
570035
252730
284430
279540
550045
530002
248260
261140
550041
139250
200250
530006
004255
550046
211560
500010
208470
167860
550010
590011
237350
309230
500054
570044
510001
530008
287180
530064
500041
183700
550016
530009
500023
244580
285690
550006
520015
520009
550018
500036
292750
025890
500006
005257
570026
117700
210780
003415
019490
226980
500005
109070
550007
002355
248270
500004
277540
281990
530011
276990
570008
182490
271050
520007
005030
530018
550011
550012
261260
530032
304660
229720
225130
550005
256750
530022
337120
530033
322410
147970
550013
570009
276650
550047
500050
510007
530061
261120
500001
590013
520013
500017
590012
570027
530016
003925
091180
001685
108590
292730
227540
304780
550004
500051
314250
304760
251590
500039
500053
500002
139270
237370
219900
253250
530020
550043
000087
530066
500007
520003
289040
500046
137930
152380
530017
230480
253160
500047
500042
114460
227570
010580
003495
009415
333970
012600
520020
304940
153360
500018
002420
004365
269540
590003
530012
520006
530021
550026
217790
015260
520012
225800
204210
000950
329650
176950
174350
590004
00806K
152500
006125
590006
570003
520021
140910
277640
500030
211900
001465
500008
310960
500028
550044
333940
001770
108675
250780
590017
550033
530005
332610
530065
329750
590005
530067
510010
590008
263190
152870
011300
003475
33626L
004920
520014
18064K
590018
006200
278620
550014
570046
500035
332620
305050
001420
195920
205720
108450
520011
009140
245340
213610
590016
530015
011230
530014
500016
138230
137610
018500
010640
500009
333980
590009
500024
000157
015020
103130
002690
301440
530019
049800
333960
272570
550008
012170
172580
590007
024900
266410
023810
003280
316670
272910
084870
530055
088790
500022
003680
204450
174360
014910
091230
223190
570022
010420
590010
304770
099140
530023
023960
500020
024070
051630
570043
276970
520004
243880
550009
500014
114470
292160
002220
550058
030790
071090
005450
001210
011420
261250
252400
500037
510008
000760
071950
005820
279530
145270
277650
252420
123320
114100
550002
069640
008110
025530
155900
000040
500003
001620
009180
018470
003780
096300
002710
195980
130730
123700
030720
006110
331910
102970
157490
003720
217780
120115
008775
093240
500015
28513K
091160
337150
33626K
114820
570045
33637L
004100
025820
008420
011700
570029
023350
266370
570030
003465
090370
580008
019180
006880
295820
530053
005305
266360
283580
580007
530037
006805
001020
092780
002870
007630
550001
530036
001275
010770
006660
007280
302190
227830
129260
072130
007120
295000
580006
010400
005010
008870
007610
008260
122260
500029
292050
219390
001140
337140
019685
091170
305080
182480
009190
002820
078935
069730
014440
123310
292500
092200
000105
014130
001380
004830
033250
013000
024890
000590
006370
580010
044380
009810
003010
136340
169950
001080
000910
156080
013700
133820
041650
023800
011090
004410
013360
001560
195930
027970
006890
017370
155660
270800
010100
119650
005750
071970
006570
005360
010660
336160
015230
285000
305720
004090
008250
009770
000500
329200
000850
002920
058860
075180
012320
015540
245360
009310
085310
058430
009070
005800
006340
025560
000300
000220
016740
105840
002070
261240
002300
090080
011690
012280
025750
023150
282000
014710
00499K
002630
002410
003610
272560
305540
004140
006740
004910
026940
058850
328370
011500
014280
002200
006090
219480
134790
002880
010690
005320
003547
084670
001750
069460
020760
003080
004440
021820
004450
004270
000650
017550
019175
002140
005870
016090
292190
114260
055490
010040
023000
011785
325010
009440
210540
013870
005190
053690
122090
111110
032560
005110
010820
007590
083420
227840
058730
010600
580009
001550
002600
092220
001045
144600
103590
007860
096775
012200
225040
017040
004720
016880
009200
500019
03473K
338100
004080
092440
012160
003480
035000
031820
047400
107590
008600
019440
067830
009470
025620
100220
214330
233160
034300
33637K
200880
033530
002360
000230
120030
118000
003160
252710
264900
134380
014580
003650
006980
004870
500045
012800
530013
001070
013520
001570
007980
003830
013570
017900
277630
267290
006220
023450
037270
000180
034590
004560
004770
011330
130660
194370
267770
000490
002760
082740
144620
332500
500027
001470
002460
000860
306200
000890
009320
014530
001290
273140
000155
020120
093230
163560
003030
000520
325020
100840
001460
101140
510011
007210
317400
02826K
014790
004890
152550
017180
014990
008970
007540
024090
001340
010960
014160
011810
002900
001260
008040
143850
089470
033240
278240
000320
100250
143210
138490
003460
117580
006380
078000
008700
000215
002720
009460
002450
332940
075580
005740
005430
102280
000390
332930
004250
007660
027740
005389
015890
128820
002795
004060
035150
143860
005945
004540
520026
003960
248170
039570
003200
139280
004150
004840
001780
500031
003555
004200
021050
009270
013580
005090
005680
044820
015590
001250
077970
009155
275980
004310
011150
097955
016610
012030
002700
001530
009160
004960
090350
196230
011930
010955
282690
016710
030210
007160
084010
132030
168490
002170
000540
000700
298040
000680
011390
004970
091090
005390
001790
044450
500032
270810
245710
077500
036580
150460
530031
005950
063160
267850
003350
095570
145210
003570
004360
104700
000430
190160
091810
214390
007810
071055
530038
005960
102260
015860
029460
168580
001390
079980
033920
002030
550056
001940
094280
001270
192090
133690
092230
161510
004710
004980
035510
007110
074610
005420
003070
011760
298690
028100
214420
204480
136490
016450
101530
015360
009580
229640
148070
000970
322000
003545
003580
002020
700001
005810
001130
161000
003620
003920
070960
084690
102460
079430
003560
002620
00104K
025000
302450
272550
036530
037710
017940
009680
068290
006405
031440
234080
001360
003120
123690
007690
004380
002810
016590
005720
007340
000370
00088K
003300
195870
344820
005070
900140
001500
152330
315960
183190
308170
101060
030610
138250
012690
00279K
016580
029530
002100
004700
078520
006490
058650
000050
002240
012610
011280
002990
267260
001200
295040
033270
001520
003220
000020
123890
000480
002310
060980
293940
025540
017960
002840
249420
002150
001510
002390
004690
272450
001725
002780
009290
139260
034120
130680
016800
096760
006840
088260
081000
001430
068400
232080
226320
000140
002960
011000
306540
002210
004430
001880
072710
251350
294400
037560
005500
281820
267270
122900
293480
300720
095720
298050
272580
298000
066575
014830
093050
008730
094800
213500
190620
271980
003530
025860
004490
010050
001230
053210
019680
015350
024720
145990
042700
192650
268280
336260
000815
017390
145720
000070
226490
026890
002270
001720
00680K
005880
084680
033180
027410
126560
229200
071320
108670
009450
105630
210980
251340
034830
530060
006060
006120
315930
017810
069660
082640
003540
008490
064960
097230
001820
000400
001120
003060
000640
003470
089590
079550
006390
007460
002350
009970
014820
001630
001440
008350
103140
079160
112610
002320
286940
105190
036420
003850
310970
020000
039130
298020
115390
012630
005610
001060
192400
085620
007570
005850
152100
093370
550057
052690
008060
000150
071840
090435
005180
069260
033660
278540
018670
023590
001680
034310
241590
170900
018250
049770
284740
032350
010780
005440
214980
003230
280360
120110
006650
006040
307950
057050
073240
001800
003240
011210
139130
330590
192820
020560
003520
285130
272210
000240
005300
293180
175330
102780
042670
010060
292150
014680
000670
114090
003090
161890
005250
570019
336370
003690
004000
278530
019170
034020
192080
185750
114800
261220
204320
009410
214320
011200
010120
233740
000990
006260
016380
013890
111770
010620
069620
273130
012450
009420
051915
294870
001740
148020
138040
005385
051600
002380
004800
005690
000880
047040
051905
181710
088350
157450
000060
031430
064350
138930
039490
003000
007700
026960
069960
017800
006280
047050
009240
153130
028670
004370
020150
042660
003490
011790
008930
007310
006360
030000
008560
081660
005387
028050
011780
252670
001450
009830
241560
001040
000080
047810
036460
003410
161390
016360
004170
012510
010140
005940
071050
282330
102110
023530
004020
007070
000210
128940
005830
011070
003670
000100
122630
012750
000120
139480
008770
029780
078930
006800
086280
267250
000720
034220
088980
097950
004990
021240
024110
002790
018880
271560
069500
180640
035250
032640
009540
316140
030200
011170
010130
010950
251270
086790
009150
000810
066570
096770
032830
003550
090430
033780
000270
018260
034730
036570
105560
055550
015760
005490
035720
012330
017670
006400
028260
005380
051900
051910
068270
035420
005935
207940
000660
005930