123260
149940
032685
021045
08537M
267320
347140
158310
335870
323210
080440
121890
310870
310840
321260
323280
114570
320000
279410
311270
033600
307280
276920
030270
329560
331520
331380
261200
287410
337450
330990
195440
344050
323230
333430
299170
332710
317240
322780
281410
307160
313750
309930
226350
160600
340440
341160
307870
335890
192410
333050
340120
307750
291210
332290
307070
038160
058220
050540
317030
111820
336570
340350
336060
317320
277480
069330
028040
328380
342550
053060
339950
194510
052190
340360
284620
096870
033790
115610
103230
054410
123750
291230
043360
121850
273060
323940
013720
113810
263540
222810
084180
191410
227100
196700
026910
007530
319400
101670
011080
067770
058450
023790
043260
214310
024940
039740
130740
279600
141020
197210
039230
020400
032860
044780
175140
087730
134580
008830
080580
099410
181340
101680
036180
053660
090150
058420
187270
123330
085810
037400
045340
073190
043100
019770
079170
900120
096640
069140
060380
033430
192390
093380
119500
900080
049470
237750
048830
212560
098660
900110
225590
066110
035200
054220
177350
072950
217190
197140
059100
087600
154040
032580
110020
226400
099520
021880
038010
033110
161570
024910
054340
065690
275630
032280
134060
014940
064480
900070
009620
081580
173130
101730
139050
067730
254120
184230
128540
025880
007770
123010
045300
098120
189860
136510
017000
317830
093640
016920
297570
056090
035290
002290
101170
104040
025870
079000
028080
076080
019540
101930
038110
066430
153460
032960
215090
071850
065500
127160
012620
060260
064510
126640
096610
317850
058530
019570
042600
208860
009730
258790
035460
052770
053270
122690
109080
024850
101390
089150
030350
083470
048770
008470
032080
150900
085670
075970
293580
091440
190650
021650
105330
219130
038620
127710
203450
039240
223310
082660
054940
036640
147760
317530
050960
123840
269620
140520
054180
095910
270520
039310
043590
079810
075130
043710
053160
049120
060300
085910
187790
054040
208350
054630
038950
286750
026040
046310
290270
027580
263810
307180
024740
063760
024840
138070
065770
031510
277410
096690
204840
263020
089850
159910
036620
013810
006920
092300
019990
001000
263860
052600
272110
065370
051390
246690
313760
059120
186230
241520
094970
029480
010240
092600
246960
041520
041020
196300
131220
044180
066790
003310
204990
052460
052900
053050
082850
310200
088390
204020
080470
317770
078350
208710
131180
065440
038870
141070
054300
064090
076610
079950
010470
050090
142210
224110
020180
213090
219750
318000
222980
208140
065420
277070
037030
032540
039020
115500
054930
143540
052220
154030
054540
051980
189690
073010
001810
219550
101400
060540
017250
147830
089530
205500
040610
114120
130500
081150
265560
079650
025950
051490
036690
045510
117730
104620
065570
311390
042110
258830
046110
052300
050320
008370
002680
060480
080520
131090
215480
221980
083650
067920
039420
127120
153490
036710
094840
073540
114190
128660
014190
099440
086670
046970
115570
246720
054090
217620
252500
062860
037350
234920
037230
234100
066910
900280
317870
067010
264850
290660
218150
114630
036090
226440
222420
300080
011560
049080
017480
228340
100030
053110
100660
066410
250000
096350
106080
263800
178780
217500
014100
032750
208370
036000
149980
238120
900260
215790
078650
039010
048470
053260
037440
049830
115530
105550
039610
103840
050760
017510
217330
024880
005670
126870
031310
033310
189980
037370
097870
119830
093520
255220
010280
086060
171090
066670
168330
036010
091970
072770
024830
037760
039980
101000
032800
227610
095500
253590
046390
002230
023460
004780
119850
027040
056000
096040
057680
196220
309200
222190
309180
283930
284990
001799
140710
309170
278420
001529
139310
285010
284980
236460
300280
285020
097750
195970
001527
000227
222200
222180
300290
009275
001525
000325
267500
291890
287300
275750
105010
287310
292110
227550
287320
139240
244670
00781K
001755
300310
334700
001067
016385
227560
291610
309190
228800
292140
157500
300300
300640
295020
280940
266140
000547
252000
256450
005965
138540
292120
304670
300610
140570
091220
000545
138530
226380
309210
002787
269370
218420
002785
321410
301400
001065
138910
098560
247780
139290
014285
099350
314700
211210
228810
267450
289260
140580
315480
000995
26490K
530010
299070
307520
261920
211260
322120
084695
225060
291660
275280
550054
500004
291130
266390
090355
290080
275540
004565
292130
299080
189400
003075
292770
307610
213630
267300
292100
010145
170350
251890
004985
102960
145670
269530
510002
192720
292590
298770
139320
271060
306530
296710
289250
166400
252410
000145
139220
196030
310080
005745
252650
292340
271050
238670
244660
290130
241390
145850
287330
342620
138920
289670
342610
342500
342600
510006
245350
307620
243890
176710
117460
550052
530063
181480
292580
291680
014825
298340
260270
302210
500038
234310
215620
011155
272230
236350
099340
301410
261070
326230
014915
322400
131890
319870
337160
307510
200030
322150
004545
217770
247790
291620
003535
160580
252720
220130
004415
500040
117690
265690
280920
291630
140700
100910
530062
307010
253240
001795
006345
307020
530004
002995
306960
253990
238720
101280
260200
302180
272220
570024
530003
159800
510003
267440
228820
183710
266550
253280
302200
138520
002025
319640
117680
247800
225050
083370
302170
280930
510005
083380
306950
500025
104530
292570
001745
000225
276000
105780
334690
326240
570020
300950
253150
145995
012205
275290
139660
004105
001515
267490
253290
570031
346000
007815
322130
530007
261110
250730
005725
241180
104520
308620
261270
292560
007575
550015
168300
500012
269420
280320
570036
333950
256440
275300
500043
570032
510009
143460
244620
000885
500052
316300
530061
000725
009835
570042
266420
004835
500048
510004
550053
203780
329670
500049
570025
329660
570038
315270
500044
550042
306520
000075
140950
253230
570037
550055
289480
228790
520005
500021
530032
152280
004255
239660
225030
500026
139230
570034
500013
550043
550041
200250
237440
153270
251600
139250
570035
208470
500005
500011
185680
570021
530056
570028
261060
530006
530008
248260
266160
550010
284430
550016
008355
314250
530033
008500
309230
301440
211560
261140
219390
550046
530002
287180
167860
003415
279540
520010
530009
285690
550006
530018
530022
183700
252730
005257
002355
500010
530064
276990
500041
570023
550018
590011
005030
530011
117700
248270
550045
226980
227540
281990
304660
500023
550007
500006
342140
550013
500036
570008
570026
261260
550012
277540
182490
025890
225130
109070
500054
019490
229720
520015
256750
004920
500050
550011
550005
003925
276650
570009
570044
176950
510007
237350
337120
210780
001685
500015
322410
304940
500001
590013
091180
530016
550004
520007
590012
009415
000087
520013
277650
295820
550047
292750
530020
530017
253160
108675
244580
253250
292730
269540
108590
147970
500039
304760
251590
500053
500017
530012
137930
520011
570027
237370
530066
003495
500007
139270
530021
289040
250780
500046
012600
500047
261120
004365
520006
500042
000950
500002
00806K
550026
219900
152380
114460
520020
230480
006125
010580
590004
015260
152500
570003
153360
227570
002420
140910
550044
33626L
329750
500018
500051
217790
520003
001465
204210
329650
211900
277640
590006
500030
590003
520021
520012
310960
590008
174350
304780
590017
011230
550033
333970
530005
225800
011300
530067
500008
550014
003475
332610
520014
006200
590005
245340
002690
213610
530065
001770
333940
263190
332620
590016
590018
108450
18064K
530015
305050
500028
278620
001420
500035
195920
009140
015020
331910
018500
137610
530019
510001
010420
500009
024900
003680
138230
510010
500003
500016
590007
010640
205720
500024
530014
590009
333960
030790
088790
266410
049800
103130
570043
550008
570022
590010
520009
316670
084870
023960
000157
570046
024070
012170
172580
159650
333980
003280
500020
071090
174360
530036
023810
091230
001210
243880
304770
223190
520004
272570
530055
071950
190160
014910
550009
204450
276970
500014
530023
252400
500022
002220
099140
005820
093240
009180
33637L
003720
011420
000760
500029
114470
550058
510008
005450
002820
004100
272910
33626K
145270
500037
252420
000040
001020
550002
008775
069640
123700
025530
002710
005305
051630
114100
195980
001620
157490
292160
030720
008110
001140
000910
006110
004830
025820
006880
155900
102970
096300
337140
018470
002870
130730
091160
007610
129260
010770
003780
217780
003465
008420
007280
120115
337150
072130
00499K
28513K
023350
011700
261250
570045
266370
024890
570030
114820
570029
010100
006805
019180
550001
580008
580006
530053
092780
580007
010400
006660
530037
008260
283580
123320
005010
013360
003010
001275
019685
123310
152870
008870
001080
302190
279530
001380
007630
013000
069730
011090
090370
014440
091170
227830
182480
122260
000105
013700
009810
092200
000590
133820
007120
023800
014130
292050
010660
008250
009190
292500
005360
266360
078935
071970
012280
305080
005750
580010
305720
001560
002140
041650
005320
090080
069460
169950
006370
119650