123260
149940
032685
021045
347140
158310
08537M
335870
323210
080440
121890
267320
310870
310840
321260
114570
323280
320000
279410
311270
033600
276920
307280
030270
329560
331520
331380
261200
323230
344050
337450
195440
287410
330990
299170
333430
317240
332710
322780
281410
307160
309930
226350
313750
160600
340440
341160
307870
335890
333050
192410
340120
307750
291210
332290
307070
038160
058220
050540
317030
336570
340350
336060
317320
277480
069330
028040
328380
342550
284620
339950
194510
053060
052190
340360
033790
096870
115610
291230
103230
121850
273060
054410
323940
043360
222810
084180
263540
013720
113810
319400
032860
087730
026910
227100
196700
101670
023790
011080
279600
039740
024940
191410
067770
141020
197210
039230
058450
130740
043260
123750
007530
175140
134580
008830
101680
036180
020400
053660
099410
044780
058420
080580
187270
043100
181340
045340
037400
073190
096640
090150
079170
033430
085810
069140
093380
900080
060380
192390
123330
067730
110020
237750
900110
225590
212560
059100
066110
054220
197140
119500
049470
019770
223310
161570
226400
072950
098660
177350
099520
033110
900120
217190
048830
035200
214310
134060
021880
054340
087600
154040
032580
009620
065690
032280
184230
038010
275630
025880
081580
064480
123010
101730
014940
173130
136510
098120
007770
045300
017000
189860
139050
254120
064510
297570
028080
024910
035290
093640
104040
025870
079000
038110
101930
016920
056090
012620
002290
153460
032080
317850
317830
101170
076080
128540
052600
085670
215090
032960
009730
060260
052770
042600
030350
208860
053160
083470
024850
127160
109080
900070
101390
019540
008470
150900
019570
071850
075970
123840
122690
096610
035460
126640
039310
317530
140520
203450
089150
293580
050960
058530
036640
190650
043590
085910
290270
038620
096690
127710
105330
054040
039240
060300
091440
258790
048770
269620
019990
187790
053270
263810
026040
075130
027580
270520
286750
204840
089850
082660
095910
079810
024740
147760
219130
049120
263020
038950
208350
024840
066430
065500
054940
054630
031510
046310
277410
021650
186230
307180
263860
138070
001000
114120
159910
065770
041520
094970
272110
013810
092300
036620
006920
063760
044180
066790
051390
053050
204990
092600
010240
082850
115500
052460
059120
065440
032540
003310
054180
054300
313760
079950
131180
020180
196300
141070
241520
208710
246690
078350
060480
065370
277070
080470
052900
208140
065420
154030
054930
010470
224110
038870
041020
101400
001810
037030
076610
017250
051980
317770
246960
205500
143540
147830
213090
219750
064090
196220
309200
222190
309180
283930
284990
278420
140710
309170
001529
139310
285010
284980
236460
300280
285020
097750
195970
001527
222200
000227
222180
001525
009275
300290
000325
267500
291890
287300
292110
287310
287320
105010
227550
139240
300310
244670
001755
016385
001067
334700
091220
227560
00781K
157500
291610
275750
000547
309190
300300
228800
300640
295020
292140
280940
256450
266140
000545
138540
300610
005965
252000
304670
140570
309210
292120
002787
138530
226380
218420
002785
269370
301400
315480
321410
138910
098560
001065
247780
139290
084695
314700
014285
500004
140580
267450
228810
211210
530010
261920
322120
099350
275280
299070
000995
211260
26490K
291660
289260
275540
290080
004565
266390
225060
090355
550054
307520
299080
291130
292130
189400
307610
292770
003075
213630
292100
102960
267300
251890
004985
170350
145670
510002
192720
010145
139320
269530
271060
298770
292590
306530
289250
290130
166400
296710
310080
252410
139220
292340
196030
000145
238670
287330
252650
005745
138920
241390
244660
342620
145850
342610
289670
301410
510006
342500
342600
245350
176710
117460
530063
550052
181480
292580
307620
298340
291680
099340
302210
260270
272230
014825
215620
234310
011155
243890
261070
014915
326230
500038
319870
131890
322150
322400
337160
006345
200030
236350
252720
003535
160580
307510
247790
307010
280920
004415
500040
117690
291630
100910
140700
265690
220130
291620
253240
271050
002995
138520
530062
272220
306960
307020
302180
530004
253990
217770
001795
319640
260200
267440
570024
238720
228820
183710
101280
159800
117680
530003
253280
510003
302200
004545
266550
083370
510005
302170
306950
225050
247800
083380
104530
280930
292570
500025
253150
001745
105780
326240
334690
300950
570020
002025
276000
275290
139660
570031
267490
253290
004105
322130
346000
550042
145995
012205
250730
261110
007815
241180
333950
308620
001515
292560
104520
261270
256440
168300
550053
000225
007575
530061
280320
269420
500012
530007
000725
005725
510009
570036
570042
143460
275300
009835
550015
500043
244620
570032
510004
500052
203780
266420
000885
500048
316300
329670
500049
329660
000075
570038
570025
315270
004835
550055
500044
140950
306520
570037
253230
520005
228790
289480
152280
139230
570034
239660
008355
004255
550041
500013
570028
237440
139250
185680
153270
225030
500021
251600
500011
570035
570021
530032
530008
266160
530006
200250
520010
284430
261060
500026
550010
314250
208470
530056
248260
500005
550016
309230
008500
550046
530009
211560
261140
287180
003415
167860
219390
530002
279540
530033
285690
550043
252730
183700
500054
002355
500010
530018
530064
500041
550006
570023
276990
550018
248270
590011
530011
117700
550045
227540
500023
342140
530022
226980
304660
281990
005257
500036
570026
570008
005030
004920
500006
261260
277540
550012
550013
520015
500015
550007
182490
225130
109070
301440
019490
229720
256750
500050
025890
550011
550005
276650
003925
176950
237350
570044
337120
570009
210780
510007
304940
322410
001685
500001
091180
550004
520007
009415
000087
590013
530016
590012
520013
550047
292750
253250
292730
108590
269540
304760
253160
500017
530020
530017
500039
244580
251590
147970
137930
003495
570027
237370
139270
530012
012600
530066
108675
500007
530021
289040
500046
500002
00806K
500047
219900
004365
520011
261120
250780
500042
000950
333970
114460
152380
230480
550026
295820
520006
520020
333940
152500
010580
153360
590004
140910
570003
227570
329750
550044
500018
277650
500051
500053
001465
015260
217790
277640
520003
002420
520012
329650
590003
590006
211900
204210
520021
310960
500030
304780
174350
590017
500008
590008
550033
006125
003475
530067
225800
011230
332610
011300
550014
520014
590005
245340
530005
213610
33626L
331910
002690
006200
510001
263190
18064K
332620
590016
590018
001770
520009
530065
530015
108450
305050
278620
500028
500035
001420
570046
195920
137610
510010
530019
333980
500009
003680
500016
138230
205720
009140
530014
590007
500024
590009
333960
018500
010420
266410
088790
550008
103130
570043
010640
590010
570022
024900
030790
015020
316670
049800
500003
012170
000157
530055
159650
500020
003280
172580
084870
174360
024070
071090
023960
223190
023810
304770
500022
014910
204450
272570
190160
071950
243880
091230
530023
500014
276970
550009
252400
500029
099140
520004
002220
005820
114470
011420
001210
500037
000760
009180
003720
005450
093240
510008
272910
145270
550058
530036
002820
292160
004100
008775
195980
550002
252420
025530
123700
018470
114100
002710
069640
051630
030720
005305
33637L
261250
001620
102970
008110
157490
006110
000910
155900
025820
000040