005930
000660
005935
207940
035420
068270
051910
051900
006400
005380
028260
017670
012330
036570
035720
005490
105560
015760
055550
018260
090430
000270
033780
003550
251270
034730
032830
066570
009150
000810
010130
096770
086790
010950
069500
009540
316140
011170
030200
018880
032640
271560
002790
021240
024110
035250
180640
034220
088980
078930
000120
029780
012750
086280
139480
267250
097950
000100
128940
102110
122630
008770
006800
003410
003670
004990
000720
011070
004170
012510
007070
282330
005830
010140
161390
016360
000210
071050
005940
004020
005387
036460
011780
023530
001450
047810
007310
004370
001040
009830
153130
000080
026960
241560
030000
028050
008560
003490
051905
157450
278540
008930
028670
006360
031430
006280
007700
069960
102780
138930
042660
081660
039490
001740
273130
148020
011790
017800
051600
292150
009240
000060
020150
004800
181710
047050
003000
005385
002380
233740
047040
278530
138040
252670
000880
051915
310970
214980
214320
010620
570019
111770
009420
010120
204320
000990
073240
014680
013890
064350
069620
006260
012450
293180
330590
088350
005250
285130
161890
000670
000240
003520
009410
011200
192080
175330
005300
003690
114090
185750
001800
315930
010060
284740
004000
294870
034020
192820
020560
280360
139130
005690
114800
090435
120110
010780
003240
011210
170900
016380
550057
003230
057050
033660
023590
034310
042670
272210
032350
007570
152100
069260
052690
049770
241590
018250
005440
008060
336370
307950
001680
192400
093370
006040
018670
000150
005850
019170
001630
006650
000640
020000
105190
530060
069660
012630
001060
003090
011160
103140
009970
039130
210980
085620
112610
002350
003850
001720
034830
064960
306540
001820
079550
008350
008490
145720
009450
115390
002320
268280
005180
005610
229200
001440
298020
003540
014820
036420
00680K
006060
126560
004490
226490
089590
000400
094800
017390
097230
108670
071320
072710
006120
295040
079160
000815
281820
016800
042700
001725
001230
088260
015350
139260
095720
293940
294400
003060
003470
105630
251350
017810
286940
122900
000070
000480
530038
008730
006390
190620
014830
091990
028300
263750
253450
032500
035760
096530
068760
145020
036490
041960
084990
247540
058470
095700
056190
240810
036830
078340
218410
034230
098460
086900
196170
140410
084850
214370
067630
082270
178920
030190
033640
028150
215600
200130
298380
213420
086450
064760
046890
085660
036540
060250
039030
005290
035900
000250
039200
078130
950160
090460
214150
237690
067160
151910
022100
235980
267980
268600
053800
178320
003800
007390
215200
263050
083790
108320
278280
058820
183490
041510
066970
097520
141080
035600
031390
003380
069080
033290
108230
023890
138080
122870
115450
078160
091700
048260
029960
060720
086520
038290
025980
230240
039840
131970
048530
095610
068240
243070
084370