157490
019175
000760
114470
33626K
500022
025530
500037
001020
007610
008775
145270
006110
137610
500003
004830
003780
008110
272570
000157
333980
123700
337140
520004
530023
223190
500028
190160
550002
570046
072130
025820
004100
316670
000910
204450
500014
329750
005820
159650
018470
174360
550009
252400
500029
243880
012170
252420
33637L
033250
010770
530055
002870
005305
023810
030720
129260
172580
091230
003720
103130
069640
510010
011420
002710
007280
003280
276970
002820
008420
304770
138230
550008
530014
333960
088790
049800
002220
500024
500016
500020
051630
009180
000040
024070
500035
195920
570043
014910
500051
278620
530065
590009
071950
590007
333940
500009
108450
500030
590010
590018
009140
530019
263190
071090
266410
332620
084870
305050
093240
500008
333970
590005
332610
023960
225800
001140
530015
010640
024900
530067
213610
153270
18064K
001210
590016
010420
520011
550033
590006
204210
152380
277640
015020
174350
550014
001770
520003
003680
245340
153360
329650
520014
590017
500002
140910
001420
590008
500018
018500
530005
33626L
590003
570027
500007
520012
230480
304780
114460
227570
006200
261120
520021
211900
011300
002690
003475
590004
500042
001465
550043
570044
500047
219900
030790
570003
217790
500046
002420
000950
550026
520006
550044
500053
152500
003495
237350
139270
237370
520007
550047
289040
550045
277540
292750
520020
137930
205720
530066
500017
108590
147970
530021
011230
252000
304760
570023
530020
530012
292730
570022
004365
109070
015260
520015
006125
251590
210780
253250
500054
176950
322410
530017
261260
530016
244580
500001
590012
590011
010580
256750
00806K
510007
590013
500026
500041
500006
500023
337120
304940
500010
530064
003925
229720
225130
550011
091180
108675
500015
570009
276650
500036
269540
550004
530022
342140
182490
000087
304660
009415
520013
570026
500005
001685
139250
225030
570008
550007
550018
530018
500050
252730
008500
183700
550012
331910
276990
530002
550013
281990
530056
550006
306520
167860
248270
250780
550005
002355
550046
226980
117700
211560
227540
500013
005257
285690
550055
530011
530009
570021
570028
500011
520010
284430
012600
025890
253230
279540
309230
287180
003415
266160
261140
570035
248260
251600
570034
520005
239660
237440
530033
314250
520009
261060
185680
500021
019490
550041
004920
152280
208470
570042
570025
570037
200250
253160
143460
289480
510004
550016
550010
570038
570032
530032
530008
550053
261270
500044
139230
140950
329660
570036
530006
316300
500048
500049
315270
329670
307620
005030
008355
228790
004255
217770
307020
333950
500012
510009
500043
241180
203780
004835
308620
261110
292560
000075
009835
275300
168300
250730
280320
007815
269420
530062
000885
346000
300950
139660
267490
104520
244620
530061
007575
500052
266420
253290
322130
570031
272220
302170
253280
326240
292570
306960
105780
570020
083370
291620
005725
083380
302200
550015
000725
253240
275290
238720
302180
267440
104530
319640
510003
101280
225050
004105
228820
276000
334690
183710
159800
138520
001745
277650
145995
510005
530003
570024
306950
253990
280930
322400
500038
117690
220130
301410
260200
280920
100910
117680
012205
247800
160580
001515
253150
266550
298340
252720
500040
530004
550042
099340
140700
192720
307610
256440
307010
000225
337160
291680
302210
131890
500025
200030
292580
319870
002995
322150
530007
265690
245350
001795
002025
510006
176710
138920
247790
342600
342500
326230
234310
272230
307510
342610
342620
289670
252410
261070
003535
530063
196030
291630
241390
260270
271060
550052
290130
145850
292100
011155
292590
238670
145670
243890
215620
139320
181480
309170
004415
310080
298770
117460
014915
315480
166400
170350
289250
296710
292340
271050
295020
252650
510002
269530
004545
292770
244660
139220
005745
299080
287330
275540
291130
510001
291660
307520
102960
189400
299070
014825
091220
010145
267450
267300
289260
213630
006345
219390
003075
306530
290080
550054
004985
322120
266390
292130
251890
225060
500004
000145
139290
195970
140580
261920
211260
098560
304670
321410
275280
211210
005965
280940
269370
247780
256450
228810
014285
004565
090355
002787
084695
236350
157500
138910
138530
314700
001065
334700
000995
301400
138540
275750
140570
26490K
099350
226380
000545
530010
266140
309210
002785
292120
287320
227560
300640
001067
300300
309190
300610
001755
139240
218420
291610
287310
267500
00781K
292140
227550
000547
016385
105010
244670
291890
300310
301440
222200
228800
001525
222180
285020
278420
287300
295820
009275
300290
292110
139310
284980
000227
236460
284990
300280
097750
001527
000325
285010
001799
309180
001529
309200
140710
283930
222190
196220
053050
059120
038870
208710
040610
052770
054300
204020
088390
246690
104620
066910
031310
190650
222980
050090
115500
054930
250000
100660
265560
277410
196300
131090
079950
226440
032960
052460
186230
001810
032080
142210
105550
080470
286750
042600
041520
208140
035290
141070
218150
094970
095910
073540
241520
039240
020180
089850
115480
092600
269620
050960
263860
003310
215480
063760
270520
054040
075130
002680
079810
153490
053270
026040
092300
086250
024740
272110
046310
010240
219550
127160
208860
208350
031510
008470
054630
065370
065440
277070
027580
310200
313760
075970
263810
317870
082660
293580
138070
038950
019570
065770
153460
029480
307180
013810
079000
258790
038620
082850
290270
024840
001000
054340
037030
054940
021880
043710
053160
219750
033110
049120
071850
096690
109080
038010
101930
127710
234920
131220
140520
028080
187790
021650
101400
203450
054180
054220
048770
219130
189860
036640
101170
126640
123840
012620
900110
039310
051980
035460
056090
032280
060260
104040
007770
900080
254120
212560
014940
066430
101390
076080
147760
154030
019990
024850
066110
096610
065500
215090
019540
002290
045300
101730
150900
024910
122690
038110
006920
297570
052600
016920
081580
043100
128540
123010
105330
085670
317830
136510
091440
099520
197140
217190
064480
025880
058530
317850
032580
017000
139050
134060
098660
173130
065690
093640
036180
025870
101680
087600
089150
079170
030350
317530
049470
073190
098120
161570
900070
048830
204840
045340
058420
275630
237750
119500
060380
187270
035200
090150
072950
064510
039230
197210
141020
067730
184230
059100
177350
154040
225590
044780
009620
037400
020400
019770
043260
093380
900120
192390
069140
008830
226400
319400
114120
181340
123260
263540
227100
023790
067770
007530
130740
085810
033430
110020
039740
323940
009730
123330
273060
291230
024940
026910
096640
123750
096870
099410
080580
279600
033790
013720
113810
196700
340360
134580
052190
011080
194510
339950
222810
101670
342550
328380
191410
028040
069330
053660
032860
277480
284620
175140
336060
043360
087730
121850
084180
054410
058450
340350
336570
111820
115610
050540
317030
053060
317320
103230
058220
038160
332290
307070
291210
340120
333050
307750
192410
335890
226350
307870
340440
341160
160600
214310
313750
307160
309930
281410
322780
261200
317240
332710
333430
299170
337450
323230
330990
344050
287410
331380
331520
329560
030270
276920
307280
033600
311270
195440
320000
114570
279410
323280
321260
310840
310870
121890
080440
335870
323210
158310
347140
267320
021045
08537M
149940
032685